,n_nodes_000,n_branches_000,n_leaves_000,n_active_leaves_000,n_inactive_leaves_000,height_000,total_observed_weight_000,n_nodes_001,n_branches_001,n_leaves_001,n_active_leaves_001,n_inactive_leaves_001,height_001,total_observed_weight_001,n_nodes_002,n_branches_002,n_leaves_002,n_active_leaves_002,n_inactive_leaves_002,height_002,total_observed_weight_002,n_nodes_003,n_branches_003,n_leaves_003,n_active_leaves_003,n_inactive_leaves_003,height_003,total_observed_weight_003,n_nodes_004,n_branches_004,n_leaves_004,n_active_leaves_004,n_inactive_leaves_004,height_004,total_observed_weight_004,n_nodes_005,n_branches_005,n_leaves_005,n_active_leaves_005,n_inactive_leaves_005,height_005,total_observed_weight_005,n_nodes_006,n_branches_006,n_leaves_006,n_active_leaves_006,n_inactive_leaves_006,height_006,total_observed_weight_006,n_nodes_007,n_branches_007,n_leaves_007,n_active_leaves_007,n_inactive_leaves_007,height_007,total_observed_weight_007,n_nodes_008,n_branches_008,n_leaves_008,n_active_leaves_008,n_inactive_leaves_008,height_008,total_observed_weight_008,n_nodes_009,n_branches_009,n_leaves_009,n_active_leaves_009,n_inactive_leaves_009,height_009,total_observed_weight_009,n_nodes_010,n_branches_010,n_leaves_010,n_active_leaves_010,n_inactive_leaves_010,height_010,total_observed_weight_010,n_nodes_011,n_branches_011,n_leaves_011,n_active_leaves_011,n_inactive_leaves_011,height_011,total_observed_weight_011,n_nodes_012,n_branches_012,n_leaves_012,n_active_leaves_012,n_inactive_leaves_012,height_012,total_observed_weight_012,n_nodes_013,n_branches_013,n_leaves_013,n_active_leaves_013,n_inactive_leaves_013,height_013,total_observed_weight_013,n_nodes_014,n_branches_014,n_leaves_014,n_active_leaves_014,n_inactive_leaves_014,height_014,total_observed_weight_014,n_nodes_015,n_branches_015,n_leaves_015,n_active_leaves_015,n_inactive_leaves_015,height_015,total_observed_weight_015,n_nodes_016,n_branches_016,n_leaves_016,n_active_leaves_016,n_inactive_leaves_016,height_016,total_observed_weight_016,n_nodes_017,n_branches_017,n_leaves_017,n_active_leaves_017,n_inactive_leaves_017,height_017,total_observed_weight_017,n_nodes_018,n_branches_018,n_leaves_018,n_active_leaves_018,n_inactive_leaves_018,height_018,total_observed_weight_018,n_nodes_019,n_branches_019,n_leaves_019,n_active_leaves_019,n_inactive_leaves_019,height_019,total_observed_weight_019
100,15,7,8,8,0,6,616.0,11,5,6,6,0,4,570.0,17,8,9,9,0,5,616.0,15,7,8,8,0,6,596.0,15,7,8,8,0,6,621.0,9,4,5,5,0,5,589.0,13,6,7,7,0,5,572.0,11,5,6,6,0,5,622.0,13,6,7,7,0,4,569.0,17,8,9,9,0,5,584.0,11,5,6,6,0,5,588.0,7,3,4,4,0,4,576.0,17,8,9,9,0,7,598.0,17,8,9,9,0,5,610.0,17,8,9,9,0,6,537.0,17,8,9,9,0,7,636.0,15,7,8,8,0,6,587.0,15,7,8,8,0,5,581.0,15,7,8,8,0,5,615.0,13,6,7,7,0,4,607.0
200,23,11,12,12,0,7,1182.0,21,10,11,11,0,6,1176.0,33,16,17,17,0,7,1214.0,27,13,14,14,0,7,1175.0,23,11,12,12,0,7,1219.0,17,8,9,9,0,7,1228.0,19,9,10,10,0,6,1160.0,19,9,10,10,0,7,1261.0,29,14,15,15,0,6,1220.0,31,15,16,16,0,7,1238.0,23,11,12,12,0,8,1194.0,15,7,8,8,0,7,1178.0,31,15,16,16,0,8,1202.0,25,12,13,13,0,6,1209.0,29,14,15,15,0,8,1152.0,31,15,16,16,0,9,1227.0,27,13,14,14,0,8,1175.0,23,11,12,12,0,6,1159.0,27,13,14,14,0,7,1224.0,23,11,12,12,0,5,1263.0
300,31,15,16,16,0,8,1840.0,33,16,17,17,0,7,1744.0,51,25,26,26,0,9,1800.0,43,21,22,22,0,10,1743.0,37,18,19,19,0,9,1809.0,25,12,13,13,0,8,1791.0,33,16,17,17,0,7,1735.0,33,16,17,17,0,8,1840.0,45,22,23,23,0,7,1887.0,47,23,24,24,0,8,1832.0,31,15,16,16,0,9,1768.0,29,14,15,15,0,9,1776.0,49,24,25,25,0,9,1797.0,47,23,24,24,0,7,1782.0,43,21,22,22,0,9,1750.0,49,24,25,25,0,10,1842.0,43,21,22,22,0,10,1826.0,37,18,19,19,0,7,1766.0,39,19,20,20,0,9,1837.0,39,19,20,20,0,7,1848.0
400,45,22,23,23,0,9,2452.0,45,22,23,23,0,8,2339.0,59,29,30,30,0,9,2404.0,51,25,26,26,0,11,2328.0,45,22,23,23,0,10,2397.0,37,18,19,19,0,9,2402.0,41,20,21,21,0,7,2295.0,49,24,25,25,0,9,2429.0,59,29,30,30,0,8,2488.0,57,28,29,29,0,9,2452.0,53,26,27,27,0,11,2411.0,43,21,22,22,0,12,2343.0,53,26,27,27,0,10,2355.0,61,30,31,31,0,8,2352.0,55,27,28,28,0,10,2362.0,57,28,29,29,0,10,2456.0,49,24,25,25,0,11,2418.0,41,20,21,21,0,8,2389.0,51,25,26,26,0,10,2447.0,53,26,27,27,0,8,2466.0
500,49,24,25,25,0,9,3061.0,51,25,26,26,0,9,2939.0,73,36,37,37,0,10,3001.0,63,31,32,32,0,11,2937.0,55,27,28,28,0,11,2984.0,53,26,27,27,0,10,3018.0,53,26,27,27,0,8,2922.0,61,30,31,31,0,10,3065.0,67,33,34,34,0,9,3102.0,69,34,35,35,0,10,3069.0,61,30,31,31,0,11,3019.0,9,4,5,5,0,4,644.0,71,35,36,36,0,10,2985.0,71,35,36,36,0,9,2912.0,61,30,31,31,0,10,2971.0,67,33,34,34,0,11,3073.0,63,31,32,32,0,12,3004.0,49,24,25,25,0,9,2972.0,65,32,33,33,0,10,3036.0,63,31,32,32,0,8,3047.0
600,59,29,30,30,0,10,3708.0,67,33,34,34,0,10,3524.0,85,42,43,43,0,11,3619.0,81,40,41,41,0,11,3529.0,67,33,34,34,0,11,3561.0,63,31,32,32,0,11,3650.0,65,32,33,33,0,9,3544.0,69,34,35,35,0,11,3668.0,81,40,41,41,0,9,3720.0,85,42,43,43,0,10,3661.0,69,34,35,35,0,12,3557.0,27,13,14,14,0,6,1211.0,79,39,40,40,0,10,3627.0,83,41,42,42,0,10,3543.0,69,34,35,35,0,11,3570.0,87,43,44,44,0,12,3730.0,77,38,39,39,0,13,3606.0,51,25,26,26,0,9,3554.0,79,39,40,40,0,11,3627.0,73,36,37,37,0,9,3643.0
700,71,35,36,36,0,10,4295.0,75,37,38,38,0,10,4088.0,99,49,50,50,0,11,4221.0,91,45,46,46,0,12,4133.0,85,42,43,43,0,12,4159.0,77,38,39,39,0,11,4240.0,77,38,39,39,0,9,4142.0,85,42,43,43,0,11,4205.0,93,46,47,47,0,9,4279.0,99,49,50,50,0,11,4280.0,79,39,40,40,0,12,4108.0,43,21,22,22,0,8,1850.0,89,44,45,45,0,11,4212.0,95,47,48,48,0,10,4117.0,83,41,42,42,0,11,4147.0,101,50,51,51,0,12,4297.0,95,47,48,48,0,14,4227.0,71,35,36,36,0,10,4170.0,91,45,46,46,0,12,4244.0,77,38,39,39,0,9,4246.0
800,79,39,40,40,0,11,4894.0,87,43,44,44,0,10,4657.0,105,52,53,53,0,11,4834.0,103,51,52,52,0,12,4739.0,97,48,49,49,0,12,4769.0,89,44,45,45,0,11,4813.0,95,47,48,48,0,9,4790.0,103,51,52,52,0,12,4762.0,111,55,56,56,0,10,4882.0,107,53,54,54,0,12,4893.0,95,47,48,48,0,12,4731.0,59,29,30,30,0,10,2431.0,95,47,48,48,0,11,4830.0,105,52,53,53,0,11,4690.0,93,46,47,47,0,12,4768.0,109,54,55,55,0,12,4934.0,103,51,52,52,0,14,4845.0,85,42,43,43,0,11,4792.0,101,50,51,51,0,13,4862.0,89,44,45,45,0,10,4792.0
900,95,47,48,48,0,11,5493.0,47,23,24,24,0,9,2693.0,125,62,63,63,0,12,5416.0,115,57,58,58,0,12,5335.0,105,52,53,53,0,13,5382.0,49,24,25,25,0,8,2306.0,107,53,54,54,0,10,5404.0,115,57,58,58,0,12,5358.0,115,57,58,58,0,10,5468.0,121,60,61,61,0,12,5523.0,105,52,53,53,0,12,5344.0,11,5,6,6,0,5,562.0,111,55,56,56,0,11,5409.0,57,28,29,29,0,9,2631.0,109,54,55,55,0,12,5358.0,125,62,63,63,0,12,5504.0,113,56,57,57,0,15,5415.0,5,2,3,3,0,3,190.0,117,58,59,59,0,14,5418.0,1,0,1,1,0,1,15.0
1000,109,54,55,55,0,11,6080.0,63,31,32,32,0,10,3273.0,141,70,71,71,0,12,6027.0,129,64,65,65,0,12,5988.0,119,59,60,60,0,13,5985.0,61,30,31,31,0,9,2892.0,119,59,60,60,0,10,6012.0,123,61,62,62,0,12,5965.0,135,67,68,68,0,11,6045.0,129,64,65,65,0,12,6128.0,115,57,58,58,0,12,5963.0,23,11,12,12,0,7,1174.0,119,59,60,60,0,12,6019.0,63,31,32,32,0,9,3265.0,125,62,63,63,0,13,5948.0,131,65,66,66,0,13,6063.0,129,64,65,65,0,16,6039.0,15,7,8,8,0,6,767.0,133,66,67,67,0,16,6063.0,19,9,10,10,0,6,607.0
1100,123,61,62,62,0,11,6710.0,75,37,38,38,0,10,3917.0,153,76,77,77,0,12,6605.0,147,73,74,74,0,13,6582.0,135,67,68,68,0,14,6621.0,69,34,35,35,0,10,3499.0,135,67,68,68,0,11,6614.0,149,74,75,75,0,13,6597.0,151,75,76,76,0,12,6721.0,149,74,75,75,0,13,6747.0,129,64,65,65,0,13,6629.0,33,16,17,17,0,8,1741.0,139,69,70,70,0,12,6660.0,81,40,41,41,0,10,3844.0,139,69,70,70,0,13,6567.0,137,68,69,69,0,13,6666.0,139,69,70,70,0,16,6617.0,27,13,14,14,0,7,1378.0,139,69,70,70,0,16,6690.0,27,13,14,14,0,8,1230.0
1200,135,67,68,68,0,11,7371.0,81,40,41,41,0,11,4525.0,161,80,81,81,0,12,7170.0,155,77,78,78,0,13,7155.0,141,70,71,71,0,14,7216.0,79,39,40,40,0,10,4106.0,151,75,76,76,0,11,7214.0,157,78,79,79,0,13,7224.0,167,83,84,84,0,12,7336.0,43,21,22,22,0,7,1855.0,145,72,73,73,0,13,7210.0,39,19,20,20,0,8,2360.0,145,72,73,73,0,12,7241.0,87,43,44,44,0,10,4437.0,151,75,76,76,0,13,7138.0,151,75,76,76,0,13,7291.0,157,78,79,79,0,16,7249.0,39,19,20,20,0,8,1974.0,155,77,78,78,0,16,7278.0,43,21,22,22,0,10,1864.0
1300,155,77,78,78,0,11,7970.0,91,45,46,46,0,11,5116.0,177,88,89,89,0,13,7798.0,161,80,81,81,0,13,7732.0,155,77,78,78,0,15,7821.0,91,45,46,46,0,11,4664.0,163,81,82,82,0,11,7817.0,167,83,84,84,0,13,7856.0,177,88,89,89,0,12,7954.0,57,28,29,29,0,8,2444.0,153,76,77,77,0,13,7808.0,57,28,29,29,0,10,2950.0,165,82,83,83,0,13,7891.0,95,47,48,48,0,11,5064.0,25,12,13,13,0,6,883.0,157,78,79,79,0,13,7945.0,175,87,88,88,0,16,7824.0,55,27,28,28,0,9,2542.0,165,82,83,83,0,17,7885.0,53,26,27,27,0,10,2498.0
1400,167,83,84,84,0,12,8557.0,107,53,54,54,0,11,5727.0,191,95,96,96,0,13,8406.0,177,88,89,89,0,14,8312.0,165,82,83,83,0,15,8406.0,99,49,50,50,0,11,5249.0,175,87,88,88,0,11,8442.0,175,87,88,88,0,13,8435.0,189,94,95,95,0,12,8587.0,73,36,37,37,0,9,3051.0,159,79,80,80,0,14,8431.0,75,37,38,38,0,11,3565.0,175,87,88,88,0,13,8461.0,109,54,55,55,0,11,5673.0,35,17,18,18,0,7,1478.0,171,85,86,86,0,14,8561.0,183,91,92,92,0,16,8411.0,69,34,35,35,0,9,3129.0,177,88,89,89,0,18,8444.0,69,34,35,35,0,11,3132.0
1500,185,92,93,93,0,12,9133.0,121,60,61,61,0,12,6310.0,203,101,102,102,0,13,8944.0,197,98,99,99,0,14,8896.0,175,87,88,88,0,15,9016.0,119,59,60,60,0,11,5827.0,181,90,91,91,0,12,9017.0,185,92,93,93,0,13,9042.0,209,104,105,105,0,13,9171.0,77,38,39,39,0,9,3621.0,171,85,86,86,0,14,9030.0,85,42,43,43,0,11,4168.0,185,92,93,93,0,13,9082.0,119,59,60,60,0,11,6271.0,47,23,24,24,0,8,2062.0,193,96,97,97,0,14,9196.0,201,100,101,101,0,17,9010.0,79,39,40,40,0,10,3700.0,187,93,94,94,0,19,9070.0,9,4,5,5,0,4,331.0
1600,195,97,98,98,0,12,9756.0,133,66,67,67,0,12,6910.0,211,105,106,106,0,14,9589.0,207,103,104,104,0,15,9495.0,187,93,94,94,0,16,9605.0,121,60,61,61,0,11,6421.0,189,94,95,95,0,12,9661.0,203,101,102,102,0,14,9584.0,93,46,47,47,0,12,4344.0,87,43,44,44,0,9,4209.0,185,92,93,93,0,14,9648.0,93,46,47,47,0,11,4778.0,193,96,97,97,0,13,9701.0,131,65,66,66,0,11,6912.0,59,29,30,30,0,9,2691.0,207,103,104,104,0,14,9822.0,207,103,104,104,0,17,9596.0,95,47,48,48,0,10,4324.0,201,100,101,101,0,19,9623.0,21,10,11,11,0,6,920.0
1700,211,105,106,106,0,12,10385.0,143,71,72,72,0,13,7513.0,225,112,113,113,0,14,10185.0,227,113,114,114,0,15,10111.0,195,97,98,98,0,16,10212.0,147,73,74,74,0,12,7030.0,21,10,11,11,0,7,1049.0,213,106,107,107,0,14,10170.0,103,51,52,52,0,13,4939.0,97,48,49,49,0,9,4824.0,199,99,100,100,0,14,10215.0,105,52,53,53,0,11,5355.0,205,102,103,103,0,13,10320.0,147,73,74,74,0,12,7529.0,71,35,36,36,0,10,3317.0,221,110,111,111,0,14,10392.0,225,112,113,113,0,18,10170.0,107,53,54,54,0,11,4896.0,219,109,110,110,0,19,10229.0,31,15,16,16,0,7,1563.0
1800,59,29,30,30,0,10,2775.0,159,79,80,80,0,13,8098.0,243,121,122,122,0,14,10757.0,25,12,13,13,0,7,1941.0,205,102,103,103,0,16,10821.0,159,79,80,80,0,12,7575.0,29,14,15,15,0,8,1649.0,229,114,115,115,0,14,10790.0,109,54,55,55,0,13,5475.0,103,51,52,52,0,9,5420.0,83,41,42,42,0,10,3878.0,117,58,59,59,0,11,5939.0,85,42,43,43,0,12,5113.0,155,77,78,78,0,12,8116.0,81,40,41,41,0,10,3894.0,239,119,120,120,0,15,10986.0,89,44,45,45,0,9,3826.0,47,23,24,24,0,9,1971.0,63,31,32,32,0,10,3232.0,45,22,23,23,0,10,2143.0
1900,83,41,42,42,0,11,3413.0,175,87,88,88,0,14,8709.0,261,130,131,131,0,14,11342.0,37,18,19,19,0,7,2534.0,223,111,112,112,0,16,11383.0,167,83,84,84,0,12,8175.0,43,21,22,22,0,10,2270.0,241,120,121,121,0,14,11391.0,123,61,62,62,0,14,6080.0,115,57,58,58,0,10,5997.0,99,49,50,50,0,10,4508.0,131,65,66,66,0,12,6564.0,99,49,50,50,0,12,5772.0,167,83,84,84,0,12,8705.0,93,46,47,47,0,10,4483.0,257,128,129,129,0,15,11603.0,103,51,52,52,0,10,4424.0,57,28,29,29,0,9,2584.0,75,37,38,38,0,10,3874.0,57,28,29,29,0,11,2734.0
2000,93,46,47,47,0,11,3987.0,181,90,91,91,0,14,9275.0,269,134,135,135,0,14,11959.0,45,22,23,23,0,8,3123.0,233,116,117,117,0,16,12011.0,181,90,91,91,0,12,8774.0,59,29,30,30,0,11,2895.0,81,40,41,41,0,10,3908.0,133,66,67,67,0,14,6659.0,135,67,68,68,0,10,6552.0,113,56,57,57,0,10,5137.0,145,72,73,73,0,12,7167.0,113,56,57,57,0,13,6383.0,181,90,91,91,0,12,9298.0,107,53,54,54,0,11,5137.0,25,12,13,13,0,7,1254.0,115,57,58,58,0,10,5006.0,65,32,33,33,0,9,3184.0,79,39,40,40,0,10,4541.0,69,34,35,35,0,12,3365.0
2100,107,53,54,54,0,11,4590.0,193,96,97,97,0,14,9879.0,277,138,139,139,0,15,12574.0,55,27,28,28,0,8,3737.0,245,122,123,123,0,17,12598.0,191,95,96,96,0,12,9354.0,67,33,34,34,0,11,3481.0,93,46,47,47,0,10,4494.0,155,77,78,78,0,14,7287.0,149,74,75,75,0,11,7119.0,121,60,61,61,0,10,5749.0,157,78,79,79,0,12,7788.0,129,64,65,65,0,13,6969.0,195,97,98,98,0,12,9911.0,109,54,55,55,0,11,5668.0,33,16,17,17,0,8,1853.0,127,63,64,64,0,11,5605.0,75,37,38,38,0,10,3812.0,93,46,47,47,0,11,5138.0,83,41,42,42,0,12,3949.0
2200,119,59,60,60,0,12,5187.0,215,107,108,108,0,15,10435.0,291,145,146,146,0,15,13174.0,63,31,32,32,0,9,4324.0,257,128,129,129,0,17,13179.0,205,102,103,103,0,12,9965.0,75,37,38,38,0,12,4047.0,105,52,53,53,0,11,5127.0,167,83,84,84,0,14,7901.0,161,80,81,81,0,11,7744.0,133,66,67,67,0,11,6334.0,163,81,82,82,0,13,8424.0,143,71,72,72,0,13,7523.0,211,105,106,106,0,12,10537.0,119,59,60,60,0,11,6282.0,49,24,25,25,0,9,2444.0,143,71,72,72,0,11,6156.0,95,47,48,48,0,10,4401.0,107,53,54,54,0,12,5759.0,89,44,45,45,0,12,4572.0
2300,131,65,66,66,0,12,5796.0,223,111,112,112,0,15,11016.0,297,148,149,149,0,15,13819.0,75,37,38,38,0,9,4924.0,269,134,135,135,0,17,13792.0,223,111,112,112,0,12,10573.0,81,40,41,41,0,12,4632.0,121,60,61,61,0,11,5742.0,185,92,93,93,0,15,8507.0,175,87,88,88,0,11,8334.0,141,70,71,71,0,11,6949.0,179,89,90,90,0,13,9013.0,155,77,78,78,0,13,8106.0,221,110,111,111,0,12,11152.0,133,66,67,67,0,11,6845.0,69,34,35,35,0,10,3050.0,153,76,77,77,0,11,6717.0,107,53,54,54,0,10,4952.0,115,57,58,58,0,12,6349.0,101,50,51,51,0,13,5186.0
2400,143,71,72,72,0,13,6397.0,237,118,119,119,0,15,11643.0,309,154,155,155,0,15,14435.0,83,41,42,42,0,10,5533.0,277,138,139,139,0,17,14376.0,241,120,121,121,0,12,11191.0,95,47,48,48,0,13,5251.0,137,68,69,69,0,11,6327.0,197,98,99,99,0,16,9081.0,191,95,96,96,0,11,8930.0,151,75,76,76,0,11,7540.0,191,95,96,96,0,13,9598.0,169,84,85,85,0,14,8691.0,231,115,116,116,0,13,11764.0,143,71,72,72,0,12,7485.0,79,39,40,40,0,11,3655.0,169,84,85,85,0,11,7335.0,115,57,58,58,0,11,5590.0,125,62,63,63,0,12,6923.0,113,56,57,57,0,14,5856.0
2500,153,76,77,77,0,13,6998.0,255,127,128,128,0,16,12203.0,329,164,165,165,0,15,15050.0,95,47,48,48,0,10,6128.0,287,143,144,144,0,17,14964.0,247,123,124,124,0,13,11793.0,113,56,57,57,0,13,5828.0,145,72,73,73,0,11,6947.0,207,103,104,104,0,16,9685.0,205,102,103,103,0,12,9585.0,161,80,81,81,0,11,8131.0,99,49,50,50,0,12,4478.0,185,92,93,93,0,14,9280.0,241,120,121,121,0,13,12373.0,155,77,78,78,0,12,8050.0,89,44,45,45,0,11,4227.0,187,93,94,94,0,12,7895.0,123,61,62,62,0,11,6189.0,147,73,74,74,0,12,7507.0,119,59,60,60,0,14,6475.0
2600,169,84,85,85,0,14,7624.0,265,132,133,133,0,16,12805.0,347,173,174,174,0,16,15640.0,111,55,56,56,0,10,6752.0,303,151,152,152,0,18,15568.0,261,130,131,131,0,13,12420.0,127,63,64,64,0,13,6463.0,159,79,80,80,0,11,7502.0,219,109,110,110,0,17,10274.0,219,109,110,110,0,12,10195.0,171,85,86,86,0,11,8741.0,117,58,59,59,0,12,5079.0,191,95,96,96,0,15,9887.0,251,125,126,126,0,13,12958.0,161,80,81,81,0,12,8654.0,99,49,50,50,0,11,4842.0,193,96,97,97,0,12,8509.0,133,66,67,67,0,12,6779.0,155,77,78,78,0,12,8101.0,127,63,64,64,0,15,7089.0
2700,173,86,87,87,0,14,8191.0,281,140,141,141,0,16,13443.0,361,180,181,181,0,16,16187.0,121,60,61,61,0,10,7356.0,315,157,158,158,0,18,16189.0,277,138,139,139,0,13,13011.0,137,68,69,69,0,14,7047.0,165,82,83,83,0,11,8076.0,225,112,113,113,0,17,10831.0,233,116,117,117,0,12,10769.0,191,95,96,96,0,12,9353.0,129,64,65,65,0,13,5697.0,207,103,104,104,0,15,10495.0,261,130,131,131,0,13,13558.0,179,89,90,90,0,13,9250.0,111,55,56,56,0,11,5437.0,205,102,103,103,0,12,9124.0,143,71,72,72,0,12,7364.0,169,84,85,85,0,13,8689.0,141,70,71,71,0,15,7715.0
2800,191,95,96,96,0,14,8792.0,289,144,145,145,0,16,14034.0,373,186,187,187,0,16,16814.0,129,64,65,65,0,11,7933.0,335,167,168,168,0,18,16817.0,287,143,144,144,0,13,13586.0,159,79,80,80,0,14,7678.0,177,88,89,89,0,12,8665.0,241,120,121,121,0,18,11436.0,247,123,124,124,0,12,11397.0,201,100,101,101,0,12,9968.0,149,74,75,75,0,14,6290.0,217,108,109,109,0,15,11053.0,269,134,135,135,0,13,14146.0,113,56,57,57,0,12,6136.0,121,60,61,61,0,11,6004.0,217,108,109,109,0,12,9728.0,157,78,79,79,0,12,7959.0,179,89,90,90,0,13,9279.0,157,78,79,79,0,16,8319.0
2900,199,99,100,100,0,15,9329.0,301,150,151,151,0,16,14600.0,379,189,190,190,0,16,17431.0,149,74,75,75,0,11,8528.0,345,172,173,173,0,18,17426.0,301,150,151,151,0,13,14223.0,171,85,86,86,0,14,8226.0,185,92,93,93,0,12,9244.0,253,126,127,127,0,19,12028.0,255,127,128,128,0,12,12010.0,207,103,104,104,0,12,10518.0,161,80,81,81,0,14,6853.0,225,112,113,113,0,15,11652.0,281,140,141,141,0,13,14776.0,129,64,65,65,0,12,6765.0,135,67,68,68,0,12,6622.0,223,111,112,112,0,12,10357.0,173,86,87,87,0,12,8552.0,197,98,99,99,0,13,9863.0,157,78,79,79,0,16,8937.0
3000,209,104,105,105,0,15,9889.0,315,157,158,158,0,16,15243.0,391,195,196,196,0,16,18017.0,161,80,81,81,0,11,9177.0,357,178,179,179,0,19,18015.0,313,156,157,157,0,13,14817.0,179,89,90,90,0,14,8847.0,199,99,100,100,0,12,9815.0,261,130,131,131,0,19,12629.0,263,131,132,132,0,12,12585.0,223,111,112,112,0,12,11129.0,175,87,88,88,0,14,7470.0,243,121,122,122,0,15,12259.0,289,144,145,145,0,13,15357.0,145,72,73,73,0,12,7386.0,149,74,75,75,0,12,7228.0,237,118,119,119,0,12,11017.0,183,91,92,92,0,13,9136.0,211,105,106,106,0,13,10446.0,169,84,85,85,0,16,9549.0
3100,219,109,110,110,0,15,10469.0,317,158,159,159,0,16,15828.0,407,203,204,204,0,16,18612.0,187,93,94,94,0,12,9778.0,365,182,183,183,0,19,18632.0,335,167,168,168,0,13,15444.0,195,97,98,98,0,15,9448.0,215,107,108,108,0,13,10391.0,277,138,139,139,0,19,13191.0,273,136,137,137,0,13,13197.0,241,120,121,121,0,13,11731.0,181,90,91,91,0,15,8080.0,265,132,133,133,0,16,12885.0,307,153,154,154,0,13,15918.0,163,81,82,82,0,13,7981.0,163,81,82,82,0,12,7827.0,249,124,125,125,0,13,11608.0,191,95,96,96,0,13,9697.0,219,109,110,110,0,13,11029.0,75,37,38,38,0,10,3487.0
3200,237,118,119,119,0,15,11048.0,325,162,163,163,0,16,16424.0,53,26,27,27,0,8,2874.0,193,96,97,97,0,12,10357.0,379,189,190,190,0,19,19240.0,343,171,172,172,0,13,16018.0,203,101,102,102,0,15,10055.0,225,112,113,113,0,13,11002.0,15,7,8,8,0,5,757.0,287,143,144,144,0,13,13792.0,257,128,129,129,0,13,12304.0,203,101,102,102,0,15,8660.0,277,138,139,139,0,16,13484.0,317,158,159,159,0,14,16512.0,171,85,86,86,0,13,8606.0,173,86,87,87,0,12,8413.0,267,133,134,134,0,13,12195.0,197,98,99,99,0,13,10322.0,231,115,116,116,0,13,11639.0,85,42,43,43,0,10,4067.0
3300,247,123,124,124,0,15,11670.0,347,173,174,174,0,16,16999.0,69,34,35,35,0,9,3496.0,205,102,103,103,0,12,10991.0,395,197,198,198,0,19,19842.0,359,179,180,180,0,14,16615.0,215,107,108,108,0,15,10649.0,231,115,116,116,0,13,11619.0,29,14,15,15,0,7,1372.0,299,149,150,150,0,13,14357.0,271,135,136,136,0,13,12898.0,207,103,104,104,0,15,9287.0,283,141,142,142,0,17,14077.0,319,159,160,160,0,14,17126.0,183,91,92,92,0,13,9231.0,195,97,98,98,0,13,9014.0,275,137,138,138,0,13,12794.0,213,106,107,107,0,14,10958.0,249,124,125,125,0,13,12236.0,101,50,51,51,0,11,4658.0
3400,257,128,129,129,0,15,12249.0,355,177,178,178,0,17,17635.0,81,40,41,41,0,9,4081.0,219,109,110,110,0,12,11590.0,407,203,204,204,0,20,20458.0,365,182,183,183,0,14,17193.0,229,114,115,115,0,16,11265.0,241,120,121,121,0,13,12241.0,39,19,20,20,0,7,2006.0,31,15,16,16,0,7,1147.0,289,144,145,145,0,13,13486.0,227,113,114,114,0,15,9893.0,303,151,152,152,0,17,14714.0,337,168,169,169,0,14,17714.0,195,97,98,98,0,13,9832.0,197,98,99,99,0,13,9651.0,289,144,145,145,0,14,13421.0,229,114,115,115,0,14,11538.0,263,131,132,132,0,14,12865.0,113,56,57,57,0,11,5225.0
3500,271,135,136,136,0,15,12860.0,375,187,188,188,0,17,18256.0,97,48,49,49,0,10,4673.0,223,111,112,112,0,12,12156.0,423,211,212,212,0,20,21064.0,375,187,188,188,0,14,17776.0,239,119,120,120,0,16,11868.0,261,130,131,131,0,14,12851.0,47,23,24,24,0,8,2624.0,45,22,23,23,0,8,1750.0,297,148,149,149,0,13,14067.0,237,118,119,119,0,15,10455.0,319,159,160,160,0,17,15309.0,345,172,173,173,0,14,18283.0,207,103,104,104,0,13,10418.0,205,102,103,103,0,13,10262.0,303,151,152,152,0,14,14052.0,237,118,119,119,0,14,12094.0,271,135,136,136,0,14,13474.0,123,61,62,62,0,11,5847.0
3600,85,42,43,43,0,11,3526.0,387,193,194,194,0,17,18866.0,107,53,54,54,0,11,5294.0,11,5,6,6,0,4,424.0,439,219,220,220,0,20,21623.0,393,196,197,197,0,14,18421.0,249,124,125,125,0,16,12489.0,273,136,137,137,0,14,13486.0,65,32,33,33,0,8,3225.0,61,30,31,31,0,9,2385.0,305,152,153,153,0,13,14656.0,251,125,126,126,0,16,11109.0,337,168,169,169,0,17,15907.0,365,182,183,183,0,14,18873.0,233,116,117,117,0,14,11011.0,219,109,110,110,0,14,10851.0,317,158,159,159,0,14,14657.0,243,121,122,122,0,14,12703.0,281,140,141,141,0,15,14028.0,135,67,68,68,0,12,6439.0
3700,93,46,47,47,0,11,4112.0,399,199,200,200,0,17,19436.0,123,61,62,62,0,12,5879.0,23,11,12,12,0,6,988.0,451,225,226,226,0,20,22221.0,401,200,201,201,0,14,19019.0,267,133,134,134,0,16,13105.0,283,141,142,142,0,14,14110.0,79,39,40,40,0,9,3834.0,73,36,37,37,0,10,2980.0,321,160,161,161,0,14,15233.0,265,132,133,133,0,16,11725.0,347,173,174,174,0,17,16541.0,383,191,192,192,0,14,19464.0,243,121,122,122,0,14,11566.0,235,117,118,118,0,14,11453.0,329,164,165,165,0,15,15236.0,251,125,126,126,0,14,13295.0,291,145,146,146,0,15,14651.0,153,76,77,77,0,12,6978.0
3800,109,54,55,55,0,11,4697.0,417,208,209,209,0,17,20047.0,137,68,69,69,0,12,6479.0,37,18,19,19,0,7,1585.0,463,231,232,232,0,20,22807.0,417,208,209,209,0,14,19645.0,281,140,141,141,0,16,13703.0,293,146,147,147,0,14,14743.0,97,48,49,49,0,10,4418.0,89,44,45,45,0,11,3577.0,335,167,168,168,0,14,15821.0,271,135,136,136,0,16,12340.0,357,178,179,179,0,17,17127.0,389,194,195,195,0,14,20036.0,251,125,126,126,0,14,12205.0,249,124,125,125,0,15,12042.0,341,170,171,171,0,15,15827.0,263,131,132,132,0,15,13915.0,305,152,153,153,0,15,15281.0,165,82,83,83,0,13,7636.0
3900,125,62,63,63,0,12,5310.0,417,208,209,209,0,17,20652.0,161,80,81,81,0,13,7046.0,49,24,25,25,0,8,2208.0,475,237,238,238,0,20,23420.0,431,215,216,216,0,15,20243.0,295,147,148,148,0,17,14349.0,311,155,156,156,0,14,15351.0,103,51,52,52,0,10,4970.0,105,52,53,53,0,11,4216.0,341,170,171,171,0,14,16427.0,275,137,138,138,0,16,12932.0,375,187,188,188,0,18,17729.0,407,203,204,204,0,14,20696.0,263,131,132,132,0,14,12805.0,267,133,134,134,0,15,12637.0,347,173,174,174,0,15,16450.0,275,137,138,138,0,15,14537.0,323,161,162,162,0,15,15897.0,177,88,89,89,0,13,8194.0
4000,139,69,70,70,0,12,5898.0,425,212,213,213,0,17,21269.0,167,83,84,84,0,13,7618.0,65,32,33,33,0,9,2795.0,499,249,250,250,0,20,24003.0,439,219,220,220,0,15,20856.0,313,156,157,157,0,17,14932.0,327,163,164,164,0,14,15947.0,117,58,59,59,0,11,5558.0,121,60,61,61,0,11,4828.0,351,175,176,176,0,15,17028.0,287,143,144,144,0,16,13555.0,393,196,197,197,0,18,18362.0,415,207,208,208,0,14,21295.0,279,139,140,140,0,14,13417.0,279,139,140,140,0,15,13190.0,363,181,182,182,0,15,17054.0,289,144,145,145,0,15,15114.0,329,164,165,165,0,15,16482.0,193,96,97,97,0,13,8817.0
4100,149,74,75,75,0,12,6516.0,435,217,218,218,0,17,21886.0,175,87,88,88,0,13,8207.0,79,39,40,40,0,10,3352.0,513,256,257,257,0,20,24573.0,451,225,226,226,0,15,21443.0,181,90,91,91,0,13,8555.0,345,172,173,173,0,15,16584.0,131,65,66,66,0,11,6150.0,129,64,65,65,0,11,5385.0,369,184,185,185,0,15,17647.0,307,153,154,154,0,16,14125.0,401,200,201,201,0,18,18947.0,427,213,214,214,0,14,21904.0,281,140,141,141,0,14,14020.0,295,147,148,148,0,16,13808.0,371,185,186,186,0,15,17639.0,145,72,73,73,0,18,7011.0,349,174,175,175,0,15,17058.0,201,100,101,101,0,13,9433.0
4200,161,80,81,81,0,12,7092.0,449,224,225,225,0,17,22434.0,191,95,96,96,0,13,8805.0,85,42,43,43,0,10,3923.0,523,261,262,262,0,20,25200.0,457,228,229,229,0,15,22042.0,207,103,104,104,0,14,9142.0,353,176,177,177,0,15,17168.0,141,70,71,71,0,11,6734.0,153,76,77,77,0,12,6011.0,383,191,192,192,0,15,18203.0,313,156,157,157,0,16,14727.0,415,207,208,208,0,18,19490.0,437,218,219,219,0,15,22505.0,307,153,154,154,0,14,14661.0,309,154,155,155,0,16,14446.0,385,192,193,193,0,15,18211.0,155,77,78,78,0,19,7583.0,357,178,179,179,0,15,17659.0,211,105,106,106,0,13,10047.0
4300,173,86,87,87,0,12,7716.0,463,231,232,232,0,17,23013.0,205,102,103,103,0,13,9432.0,19,9,10,10,0,5,1081.0,539,269,270,270,0,20,25782.0,471,235,236,236,0,15,22647.0,215,107,108,108,0,14,9726.0,365,182,183,183,0,15,17770.0,155,77,78,78,0,11,7301.0,163,81,82,82,0,12,6603.0,389,194,195,195,0,15,18850.0,323,161,162,162,0,16,15325.0,435,217,218,218,0,18,20103.0,453,226,227,227,0,15,23147.0,319,159,160,160,0,14,15253.0,179,89,90,90,0,16,8912.0,393,196,197,197,0,15,18795.0,169,84,85,85,0,19,8181.0,373,186,187,187,0,15,18252.0,225,112,113,113,0,14,10635.0
4400,189,94,95,95,0,13,8336.0,483,241,242,242,0,17,23588.0,213,106,107,107,0,14,10014.0,29,14,15,15,0,6,1689.0,545,272,273,273,0,20,26347.0,483,241,242,242,0,15,23197.0,225,112,113,113,0,14,10331.0,383,191,192,192,0,15,18396.0,167,83,84,84,0,12,7901.0,171,85,86,86,0,13,7247.0,403,201,202,202,0,15,19428.0,339,169,170,170,0,17,15917.0,437,218,219,219,0,18,20722.0,465,232,233,233,0,15,23730.0,343,171,172,172,0,15,15856.0,195,97,98,98,0,16,9519.0,413,206,207,207,0,15,19387.0,177,88,89,89,0,19,8782.0,387,193,194,194,0,15,18837.0,235,117,118,118,0,14,11256.0
4500,203,101,102,102,0,13,8949.0,497,248,249,249,0,17,24180.0,219,109,110,110,0,14,10617.0,45,22,23,23,0,7,2286.0,553,276,277,277,0,20,26921.0,501,250,251,251,0,15,23795.0,245,122,123,123,0,14,10963.0,397,198,199,199,0,15,18943.0,185,92,93,93,0,12,8503.0,189,94,95,95,0,13,7875.0,415,207,208,208,0,15,20065.0,349,174,175,175,0,17,16504.0,449,224,225,225,0,18,21353.0,45,22,23,23,0,8,2025.0,353,176,177,177,0,15,16417.0,205,102,103,103,0,16,10097.0,419,209,210,210,0,16,20009.0,185,92,93,93,0,19,9373.0,403,201,202,202,0,15,19443.0,251,125,126,126,0,14,11831.0
4600,217,108,109,109,0,13,9519.0,515,257,258,258,0,17,24753.0,229,114,115,115,0,14,11237.0,57,28,29,29,0,8,2908.0,565,282,283,283,0,21,27551.0,523,261,262,262,0,15,24404.0,265,132,133,133,0,14,11583.0,413,206,207,207,0,15,19559.0,201,100,101,101,0,12,9079.0,201,100,101,101,0,14,8486.0,425,212,213,213,0,15,20640.0,353,176,177,177,0,17,17055.0,467,233,234,234,0,18,21977.0,59,29,30,30,0,9,2652.0,367,183,184,184,0,15,17087.0,221,110,111,111,0,16,10707.0,433,216,217,217,0,16,20605.0,199,99,100,100,0,19,9985.0,413,206,207,207,0,15,20030.0,271,135,136,136,0,14,12408.0
4700,227,113,114,114,0,13,10101.0,531,265,266,266,0,17,25358.0,247,123,124,124,0,14,11839.0,69,34,35,35,0,8,3446.0,577,288,289,289,0,21,28099.0,541,270,271,271,0,15,25025.0,273,136,137,137,0,14,12169.0,421,210,211,211,0,16,20178.0,227,113,114,114,0,13,9647.0,213,106,107,107,0,14,9082.0,433,216,217,217,0,15,21240.0,367,183,184,184,0,17,17639.0,479,239,240,240,0,19,22561.0,67,33,34,34,0,9,3265.0,379,189,190,190,0,15,17714.0,231,115,116,116,0,16,11273.0,443,221,222,222,0,16,21214.0,219,109,110,110,0,20,10564.0,425,212,213,213,0,15,20671.0,281,140,141,141,0,14,13036.0
4800,235,117,118,118,0,13,10700.0,537,268,269,269,0,17,25957.0,255,127,128,128,0,14,12454.0,81,40,41,41,0,8,4021.0,593,296,297,297,0,21,28707.0,551,275,276,276,0,16,25611.0,285,142,143,143,0,14,12748.0,431,215,216,216,0,16,20759.0,237,118,119,119,0,13,10254.0,227,113,114,114,0,14,9702.0,455,227,228,228,0,15,21855.0,381,190,191,191,0,18,18234.0,489,244,245,245,0,19,23201.0,85,42,43,43,0,9,3859.0,395,197,198,198,0,15,18312.0,247,123,124,124,0,16,11874.0,467,233,234,234,0,16,21796.0,235,117,118,118,0,20,11171.0,437,218,219,219,0,15,21230.0,303,151,152,152,0,14,13642.0
4900,251,125,126,126,0,14,11296.0,553,276,277,277,0,17,26522.0,269,134,135,135,0,14,13052.0,89,44,45,45,0,9,4620.0,605,302,303,303,0,21,29341.0,561,280,281,281,0,16,26223.0,297,148,149,149,0,14,13360.0,455,227,228,228,0,16,21399.0,243,121,122,122,0,13,10852.0,237,118,119,119,0,14,10323.0,463,231,232,232,0,15,22468.0,401,200,201,201,0,18,18839.0,501,250,251,251,0,19,23801.0,99,49,50,50,0,10,4448.0,409,204,205,205,0,15,18957.0,259,129,130,130,0,16,12513.0,477,238,239,239,0,16,22410.0,247,123,124,124,0,20,11742.0,447,223,224,224,0,15,21829.0,311,155,156,156,0,14,14211.0
5000,263,131,132,132,0,14,11909.0,565,282,283,283,0,18,27142.0,277,138,139,139,0,14,13687.0,105,52,53,53,0,9,5235.0,619,309,310,310,0,21,29924.0,575,287,288,288,0,16,26811.0,309,154,155,155,0,14,13962.0,471,235,236,236,0,16,22021.0,249,124,125,125,0,13,11483.0,251,125,126,126,0,14,10931.0,483,241,242,242,0,15,23088.0,405,202,203,203,0,18,19487.0,523,261,262,262,0,19,24432.0,101,50,51,51,0,10,5027.0,415,207,208,208,0,15,19547.0,269,134,135,135,0,16,13110.0,487,243,244,244,0,16,22989.0,263,131,132,132,0,20,12333.0,459,229,230,230,0,15,22451.0,325,162,163,163,0,15,14833.0
5100,275,137,138,138,0,14,12458.0,577,288,289,289,0,18,27759.0,289,144,145,145,0,14,14332.0,123,61,62,62,0,9,5831.0,637,318,319,319,0,21,30525.0,593,296,297,297,0,16,27408.0,325,162,163,163,0,14,14554.0,489,244,245,245,0,16,22632.0,267,133,134,134,0,13,12079.0,265,132,133,133,0,15,11547.0,499,249,250,250,0,15,23727.0,425,212,213,213,0,18,20122.0,535,267,268,268,0,19,25038.0,107,53,54,54,0,10,5603.0,425,212,213,213,0,15,20186.0,279,139,140,140,0,16,13700.0,497,248,249,249,0,16,23620.0,273,136,137,137,0,20,12928.0,475,237,238,238,0,15,23035.0,339,169,170,170,0,15,15440.0
5200,289,144,145,145,0,14,13045.0,591,295,296,296,0,18,28380.0,299,149,150,150,0,14,14900.0,139,69,70,70,0,10,6452.0,645,322,323,323,0,21,31151.0,609,304,305,305,0,16,28025.0,335,167,168,168,0,14,15170.0,499,249,250,250,0,16,23252.0,283,141,142,142,0,14,12655.0,273,136,137,137,0,15,12149.0,511,255,256,256,0,16,24311.0,435,217,218,218,0,18,20686.0,547,273,274,274,0,20,25605.0,119,59,60,60,0,11,6192.0,429,214,215,215,0,15,20798.0,289,144,145,145,0,16,14311.0,511,255,256,256,0,16,24257.0,289,144,145,145,0,20,13573.0,495,247,248,248,0,16,23634.0,349,174,175,175,0,15,15993.0
5300,293,146,147,147,0,14,13662.0,605,302,303,303,0,18,28960.0,311,155,156,156,0,15,15480.0,147,73,74,74,0,10,7042.0,655,327,328,328,0,21,31768.0,629,314,315,315,0,17,28596.0,343,171,172,172,0,14,15772.0,517,258,259,259,0,16,23854.0,293,146,147,147,0,14,13241.0,285,142,143,143,0,15,12785.0,523,261,262,262,0,16,24889.0,443,221,222,222,0,18,21279.0,557,278,279,279,0,20,26183.0,131,65,66,66,0,11,6735.0,441,220,221,221,0,15,21437.0,307,153,154,154,0,16,14921.0,523,261,262,262,0,16,24858.0,301,150,151,151,0,21,14142.0,505,252,253,253,0,16,24184.0,367,183,184,184,0,15,16543.0
5400,313,156,157,157,0,14,14265.0,615,307,308,308,0,18,29579.0,321,160,161,161,0,15,16082.0,157,78,79,79,0,10,7643.0,663,331,332,332,0,21,32404.0,645,322,323,323,0,17,29178.0,355,177,178,178,0,14,16394.0,529,264,265,265,0,16,24478.0,301,150,151,151,0,14,13840.0,299,149,150,150,0,15,13438.0,541,270,271,271,0,16,25448.0,461,230,231,231,0,18,21894.0,565,282,283,283,0,20,26818.0,147,73,74,74,0,11,7329.0,449,224,225,225,0,15,21995.0,319,159,160,160,0,16,15555.0,531,265,266,266,0,16,25451.0,309,154,155,155,0,21,14702.0,1,0,1,1,0,1,54.0,379,189,190,190,0,15,17143.0
5500,321,160,161,161,0,14,14838.0,631,315,316,316,0,18,30127.0,333,166,167,167,0,15,16744.0,169,84,85,85,0,10,8261.0,681,340,341,341,0,21,32990.0,651,325,326,326,0,17,29782.0,375,187,188,188,0,14,16992.0,537,268,269,269,0,16,25081.0,311,155,156,156,0,14,14447.0,303,151,152,152,0,15,13981.0,555,277,278,278,0,16,26079.0,469,234,235,235,0,18,22512.0,577,288,289,289,0,20,27449.0,159,79,80,80,0,11,7931.0,465,232,233,233,0,15,22577.0,335,167,168,168,0,16,16192.0,549,274,275,275,0,16,26042.0,321,160,161,161,0,21,15284.0,13,6,7,7,0,6,641.0,401,200,201,201,0,15,17761.0
5600,335,167,168,168,0,14,15430.0,83,41,42,42,0,11,4169.0,353,176,177,177,0,15,17354.0,185,92,93,93,0,10,8828.0,691,345,346,346,0,21,33553.0,133,66,67,67,0,10,6644.0,389,194,195,195,0,14,17616.0,549,274,275,275,0,16,25704.0,111,55,56,56,0,12,5544.0,319,159,160,160,0,15,14609.0,579,289,290,290,0,16,26704.0,483,241,242,242,0,19,23103.0,591,295,296,296,0,20,28062.0,169,84,85,85,0,12,8527.0,477,238,239,239,0,16,23180.0,353,176,177,177,0,16,16809.0,559,279,280,280,0,16,26625.0,341,170,171,171,0,21,15888.0,25,12,13,13,0,9,1191.0,413,206,207,207,0,15,18378.0
5700,343,171,172,172,0,14,16033.0,95,47,48,48,0,12,4779.0,361,180,181,181,0,16,17944.0,197,98,99,99,0,11,9445.0,701,350,351,351,0,21,34144.0,147,73,74,74,0,11,7215.0,397,198,199,199,0,14,18203.0,559,279,280,280,0,16,26305.0,127,63,64,64,0,13,6162.0,103,51,52,52,0,16,4670.0,599,299,300,300,0,16,27325.0,495,247,248,248,0,19,23663.0,607,303,304,304,0,20,28645.0,175,87,88,88,0,12,9154.0,495,247,248,248,0,16,23736.0,367,183,184,184,0,16,17426.0,565,282,283,283,0,16,27250.0,357,178,179,179,0,21,16496.0,35,17,18,18,0,10,1812.0,423,211,212,212,0,15,18974.0
5800,353,176,177,177,0,14,16624.0,109,54,55,55,0,12,5398.0,381,190,191,191,0,16,18585.0,217,108,109,109,0,11,10051.0,713,356,357,357,0,22,34725.0,159,79,80,80,0,11,7787.0,411,205,206,206,0,15,18777.0,579,289,290,290,0,16,26918.0,133,66,67,67,0,13,6775.0,117,58,59,59,0,16,5314.0,611,305,306,306,0,16,27903.0,509,254,255,255,0,19,24263.0,625,312,313,313,0,20,29266.0,183,91,92,92,0,12,9782.0,509,254,255,255,0,16,24293.0,375,187,188,188,0,17,17998.0,575,287,288,288,0,16,27830.0,365,182,183,183,0,21,17085.0,43,21,22,22,0,10,2418.0,433,216,217,217,0,15,19622.0
5900,381,190,191,191,0,15,17248.0,125,62,63,63,0,13,5992.0,393,196,197,197,0,16,19193.0,227,113,114,114,0,11,10638.0,723,361,362,362,0,22,35370.0,167,83,84,84,0,11,8375.0,419,209,210,210,0,15,19388.0,585,292,293,293,0,16,27482.0,153,76,77,77,0,14,7363.0,133,66,67,67,0,17,5897.0,631,315,316,316,0,16,28522.0,527,263,264,264,0,19,24871.0,629,314,315,315,0,20,29871.0,199,99,100,100,0,13,10397.0,519,259,260,260,0,16,24862.0,383,191,192,192,0,17,18540.0,593,296,297,297,0,16,28432.0,377,188,189,189,0,21,17657.0,53,26,27,27,0,11,3064.0,449,224,225,225,0,15,20211.0
6000,389,194,195,195,0,15,17872.0,137,68,69,69,0,13,6595.0,407,203,204,204,0,16,19811.0,239,119,120,120,0,11,11221.0,731,365,366,366,0,22,35946.0,175,87,88,88,0,11,8964.0,433,216,217,217,0,15,19990.0,591,295,296,296,0,16,28083.0,167,83,84,84,0,14,8000.0,143,71,72,72,0,17,6509.0,643,321,322,322,0,16,29161.0,537,268,269,269,0,19,25447.0,637,318,319,319,0,20,30518.0,211,105,106,106,0,13,10980.0,523,261,262,262,0,16,25443.0,393,196,197,197,0,17,19154.0,611,305,306,306,0,17,29074.0,387,193,194,194,0,21,18281.0,65,32,33,33,0,11,3685.0,465,232,233,233,0,16,20846.0
6100,401,200,201,201,0,15,18507.0,147,73,74,74,0,13,7250.0,413,206,207,207,0,16,20375.0,249,124,125,125,0,11,11803.0,741,370,371,371,0,22,36543.0,189,94,95,95,0,11,9603.0,447,223,224,224,0,15,20622.0,617,308,309,309,0,17,28709.0,185,92,93,93,0,14,8571.0,153,76,77,77,0,17,7113.0,651,325,326,326,0,16,29747.0,549,274,275,275,0,19,26047.0,649,324,325,325,0,20,31082.0,221,110,111,111,0,13,11558.0,539,269,270,270,0,16,26043.0,409,204,205,205,0,17,19756.0,627,313,314,314,0,17,29677.0,405,202,203,203,0,21,18888.0,79,39,40,40,0,12,4263.0,481,240,241,241,0,16,21471.0
6200,411,205,206,206,0,15,19108.0,163,81,82,82,0,14,7855.0,419,209,210,210,0,16,20973.0,261,130,131,131,0,12,12402.0,749,374,375,375,0,22,37172.0,205,102,103,103,0,11,10185.0,461,230,231,231,0,16,21209.0,631,315,316,316,0,17,29287.0,189,94,95,95,0,14,9143.0,161,80,81,81,0,18,7713.0,665,332,333,333,0,16,30329.0,569,284,285,285,0,19,26709.0,655,327,328,328,0,20,31680.0,237,118,119,119,0,13,12158.0,553,276,277,277,0,16,26665.0,429,214,215,215,0,17,20378.0,41,20,21,21,0,8,1868.0,421,210,211,211,0,21,19482.0,87,43,44,44,0,12,4879.0,497,248,249,249,0,16,22085.0
6300,425,212,213,213,0,15,19722.0,175,87,88,88,0,14,8449.0,437,218,219,219,0,17,21594.0,47,23,24,24,0,9,1780.0,229,114,115,115,0,14,10727.0,223,111,112,112,0,11,10795.0,475,237,238,238,0,16,21789.0,639,319,320,320,0,17,29891.0,199,99,100,100,0,14,9751.0,169,84,85,85,0,18,8304.0,669,334,335,335,0,16,30912.0,583,291,292,292,0,19,27292.0,663,331,332,332,0,20,32294.0,259,129,130,130,0,14,12795.0,573,286,287,287,0,16,27280.0,447,223,224,224,0,17,20986.0,57,28,29,29,0,9,2444.0,439,219,220,220,0,21,20092.0,99,49,50,50,0,13,5469.0,513,256,257,257,0,16,22681.0
6400,425,212,213,213,0,15,20350.0,191,95,96,96,0,14,9052.0,453,226,227,227,0,17,22212.0,57,28,29,29,0,9,2365.0,237,118,119,119,0,14,11329.0,239,119,120,120,0,12,11394.0,483,241,242,242,0,16,22383.0,651,325,326,326,0,17,30488.0,217,108,109,109,0,14,10360.0,181,90,91,91,0,18,8904.0,683,341,342,342,0,16,31503.0,597,298,299,299,0,19,27889.0,683,341,342,342,0,21,32928.0,273,136,137,137,0,14,13387.0,585,292,293,293,0,16,27868.0,451,225,226,226,0,18,21575.0,67,33,34,34,0,9,3044.0,449,224,225,225,0,21,20688.0,111,55,56,56,0,13,6056.0,517,258,259,259,0,16,23276.0
6500,443,221,222,222,0,15,20970.0,197,98,99,99,0,14,9645.0,463,231,232,232,0,17,22809.0,69,34,35,35,0,10,2970.0,253,126,127,127,0,15,11951.0,243,121,122,122,0,12,11994.0,497,248,249,249,0,16,22965.0,665,332,333,333,0,17,31107.0,227,113,114,114,0,14,10971.0,197,98,99,99,0,19,9498.0,695,347,348,348,0,16,32077.0,603,301,302,302,0,19,28468.0,693,346,347,347,0,21,33540.0,281,140,141,141,0,14,13968.0,599,299,300,300,0,16,28497.0,459,229,230,230,0,18,22197.0,81,40,41,41,0,10,3677.0,461,230,231,231,0,21,21318.0,129,64,65,65,0,14,6590.0,527,263,264,264,0,16,23889.0
6600,447,223,224,224,0,15,21525.0,207,103,104,104,0,14,10246.0,475,237,238,238,0,17,23420.0,83,41,42,42,0,10,3543.0,269,134,135,135,0,15,12527.0,255,127,128,128,0,12,12574.0,513,256,257,257,0,16,23585.0,677,338,339,339,0,17,31698.0,15,7,8,8,0,6,753.0,207,103,104,104,0,19,10082.0,707,353,354,354,0,16,32660.0,607,303,304,304,0,19,29085.0,711,355,356,356,0,21,34153.0,289,144,145,145,0,14,14584.0,607,303,304,304,0,16,29080.0,473,236,237,237,0,18,22806.0,87,43,44,44,0,11,4271.0,475,237,238,238,0,21,21913.0,137,68,69,69,0,14,7219.0,543,271,272,272,0,17,24467.0
6700,457,228,229,229,0,15,22126.0,225,112,113,113,0,15,10814.0,213,106,107,107,0,17,10726.0,97,48,49,49,0,11,4140.0,279,139,140,140,0,15,13133.0,263,131,132,132,0,12,13211.0,517,258,259,259,0,16,24153.0,695,347,348,348,0,17,32308.0,19,9,10,10,0,6,1293.0,221,110,111,111,0,19,10672.0,725,362,363,363,0,16,33280.0,615,307,308,308,0,19,29687.0,719,359,360,360,0,21,34760.0,303,151,152,152,0,14,15185.0,621,310,311,311,0,16,29665.0,483,241,242,242,0,18,23412.0,103,51,52,52,0,11,4885.0,483,241,242,242,0,21,22509.0,155,77,78,78,0,14,7823.0,551,275,276,276,0,17,25054.0
6800,479,239,240,240,0,15,22715.0,237,118,119,119,0,15,11422.0,221,110,111,111,0,17,11278.0,111,55,56,56,0,12,4699.0,287,143,144,144,0,15,13739.0,277,138,139,139,0,12,13814.0,529,264,265,265,0,16,24785.0,703,351,352,352,0,17,32917.0,33,16,17,17,0,8,1891.0,239,119,120,120,0,19,11273.0,731,365,366,366,0,16,33846.0,627,313,314,314,0,19,30277.0,737,368,369,369,0,21,35364.0,321,160,161,161,0,14,15760.0,631,315,316,316,0,16,30283.0,491,245,246,246,0,18,23970.0,117,58,59,59,0,12,5521.0,499,249,250,250,0,22,23137.0,161,80,81,81,0,15,8408.0,555,277,278,278,0,17,25650.0
6900,485,242,243,243,0,15,23307.0,241,120,121,121,0,15,12028.0,227,113,114,114,0,17,11908.0,121,60,61,61,0,12,5310.0,303,151,152,152,0,15,14349.0,301,150,151,151,0,12,14453.0,537,268,269,269,0,16,25393.0,713,356,357,357,0,17,33514.0,45,22,23,23,0,10,2494.0,253,126,127,127,0,19,11866.0,743,371,372,372,0,16,34459.0,633,316,317,317,0,19,30854.0,743,371,372,372,0,21,35953.0,327,163,164,164,0,14,16374.0,655,327,328,328,0,16,30939.0,507,253,254,254,0,18,24528.0,131,65,66,66,0,12,6146.0,511,255,256,256,0,22,23739.0,177,88,89,89,0,15,8987.0,573,286,287,287,0,17,26232.0
7000,487,243,244,244,0,15,23875.0,253,126,127,127,0,15,12650.0,245,122,123,123,0,17,12482.0,133,66,67,67,0,13,5893.0,307,153,154,154,0,15,14893.0,313,156,157,157,0,12,15022.0,545,272,273,273,0,16,26003.0,725,362,363,363,0,17,34113.0,57,28,29,29,0,10,3073.0,261,130,131,131,0,19,12504.0,761,380,381,381,0,17,35097.0,653,326,327,327,0,19,31456.0,759,379,380,380,0,21,36554.0,335,167,168,168,0,14,17022.0,667,333,334,334,0,17,31521.0,517,258,259,259,0,18,25087.0,141,70,71,71,0,12,6734.0,517,258,259,259,0,22,24333.0,191,95,96,96,0,15,9621.0,579,289,290,290,0,17,26834.0
7100,509,254,255,255,0,15,24506.0,281,140,141,141,0,15,13323.0,267,133,134,134,0,18,13090.0,143,71,72,72,0,13,6487.0,323,161,162,162,0,15,15555.0,331,165,166,166,0,13,15618.0,563,281,282,282,0,16,26615.0,743,371,372,372,0,18,34752.0,67,33,34,34,0,11,3641.0,277,138,139,139,0,20,13116.0,775,387,388,388,0,17,35697.0,659,329,330,330,0,19,32026.0,771,385,386,386,0,21,37100.0,347,173,174,174,0,15,17620.0,683,341,342,342,0,17,32123.0,527,263,264,264,0,18,25697.0,147,73,74,74,0,12,7340.0,529,264,265,265,0,22,24908.0,93,46,47,47,0,8,4460.0,593,296,297,297,0,17,27449.0
7200,523,261,262,262,0,15,25088.0,289,144,145,145,0,16,13955.0,279,139,140,140,0,18,13662.0,153,76,77,77,0,13,7056.0,343,171,172,172,0,15,16165.0,353,176,177,177,0,13,16225.0,581,290,291,291,0,16,27221.0,749,374,375,375,0,18,35423.0,79,39,40,40,0,11,4325.0,281,140,141,141,0,20,13655.0,785,392,393,393,0,17,36318.0,673,336,337,337,0,20,32640.0,777,388,389,389,0,21,37724.0,361,180,181,181,0,15,18196.0,693,346,347,347,0,17,32698.0,547,273,274,274,0,19,26314.0,153,76,77,77,0,13,7987.0,545,272,273,273,0,22,25476.0,99,49,50,50,0,9,5074.0,605,302,303,303,0,17,28021.0
7300,531,265,266,266,0,15,25688.0,305,152,153,153,0,16,14553.0,297,148,149,149,0,18,14271.0,163,81,82,82,0,13,7653.0,365,182,183,183,0,16,16802.0,361,180,181,181,0,13,16813.0,595,297,298,298,0,16,27800.0,765,382,383,383,0,18,36001.0,93,46,47,47,0,11,4921.0,297,148,149,149,0,20,14284.0,793,396,397,397,0,17,36911.0,681,340,341,341,0,20,33217.0,785,392,393,393,0,21,38343.0,375,187,188,188,0,15,18799.0,697,348,349,349,0,17,33303.0,555,277,278,278,0,19,26911.0,173,86,87,87,0,13,8589.0,555,277,278,278,0,22,26051.0,113,56,57,57,0,9,5699.0,617,308,309,309,0,17,28651.0
7400,549,274,275,275,0,15,26269.0,317,158,159,159,0,16,15147.0,309,154,155,155,0,18,14907.0,171,85,86,86,0,13,8245.0,385,192,193,193,0,16,17403.0,375,187,188,188,0,13,17367.0,607,303,304,304,0,16,28419.0,779,389,390,390,0,18,36611.0,113,56,57,57,0,12,5519.0,307,153,154,154,0,20,14870.0,801,400,401,401,0,17,37495.0,689,344,345,345,0,20,33787.0,793,396,397,397,0,21,38947.0,393,196,197,197,0,15,19351.0,711,355,356,356,0,17,33893.0,571,285,286,286,0,19,27514.0,181,90,91,91,0,13,9195.0,573,286,287,287,0,22,26603.0,123,61,62,62,0,10,6291.0,629,314,315,315,0,17,29244.0
7500,569,284,285,285,0,15,26878.0,323,161,162,162,0,16,15707.0,319,159,160,160,0,18,15528.0,191,95,96,96,0,14,8830.0,399,199,200,200,0,16,17998.0,389,194,195,195,0,13,17996.0,623,311,312,312,0,16,29031.0,793,396,397,397,0,18,37211.0,123,61,62,62,0,13,6115.0,321,160,161,161,0,20,15451.0,807,403,404,404,0,17,38087.0,705,352,353,353,0,20,34380.0,801,400,401,401,0,21,39529.0,405,202,203,203,0,15,19933.0,719,359,360,360,0,18,34457.0,577,288,289,289,0,19,28114.0,193,96,97,97,0,14,9781.0,591,295,296,296,0,22,27226.0,131,65,66,66,0,10,6877.0,647,323,324,324,0,18,29865.0
7600,579,289,290,290,0,15,27483.0,337,168,169,169,0,16,16300.0,331,165,166,166,0,19,16134.0,211,105,106,106,0,14,9461.0,411,205,206,206,0,16,18632.0,405,202,203,203,0,13,18600.0,635,317,318,318,0,17,29655.0,801,400,401,401,0,18,37829.0,141,70,71,71,0,13,6702.0,337,168,169,169,0,20,16099.0,819,409,410,410,0,18,38686.0,717,358,359,359,0,20,34990.0,815,407,408,408,0,21,40137.0,421,210,211,211,0,15,20529.0,723,361,362,362,0,18,35040.0,587,293,294,294,0,19,28699.0,199,99,100,100,0,14,10361.0,599,299,300,300,0,22,27811.0,139,69,70,70,0,10,7464.0,655,327,328,328,0,18,30467.0
7700,593,296,297,297,0,16,28073.0,341,170,171,171,0,16,16896.0,355,177,178,178,0,19,16731.0,223,111,112,112,0,14,10089.0,423,211,212,212,0,16,19250.0,419,209,210,210,0,13,19181.0,649,324,325,325,0,17,30265.0,813,406,407,407,0,18,38427.0,153,76,77,77,0,13,7313.0,345,172,173,173,0,20,16687.0,829,414,415,415,0,18,39319.0,733,366,367,367,0,20,35573.0,833,416,417,417,0,21,40760.0,433,216,217,217,0,15,21110.0,735,367,368,368,0,18,35632.0,599,299,300,300,0,19,29310.0,215,107,108,108,0,14,10942.0,613,306,307,307,0,23,28411.0,155,77,78,78,0,11,8049.0,663,331,332,332,0,18,31071.0
7800,605,302,303,303,0,16,28670.0,359,179,180,180,0,16,17504.0,365,182,183,183,0,19,17358.0,227,113,114,114,0,14,10684.0,445,222,223,223,0,17,19846.0,433,216,217,217,0,14,19806.0,663,331,332,332,0,17,30850.0,829,414,415,415,0,18,39002.0,179,89,90,90,0,14,7945.0,353,176,177,177,0,21,17280.0,839,419,420,420,0,18,39901.0,743,371,372,372,0,20,36188.0,847,423,424,424,0,21,41381.0,449,224,225,225,0,15,21724.0,747,373,374,374,0,18,36266.0,617,308,309,309,0,19,29887.0,231,115,116,116,0,14,11507.0,619,309,310,310,0,23,29052.0,167,83,84,84,0,11,8597.0,677,338,339,339,0,18,31660.0
7900,627,313,314,314,0,16,29285.0,371,185,186,186,0,16,18077.0,381,190,191,191,0,19,17961.0,241,120,121,121,0,15,11264.0,461,230,231,231,0,17,20447.0,435,217,218,218,0,14,20412.0,669,334,335,335,0,17,31469.0,841,420,421,421,0,18,39618.0,185,92,93,93,0,14,8559.0,375,187,188,188,0,21,17914.0,855,427,428,428,0,18,40478.0,747,373,374,374,0,20,36802.0,861,430,431,431,0,21,41988.0,151,75,76,76,0,13,6522.0,755,377,378,378,0,18,36845.0,635,317,318,318,0,20,30492.0,243,121,122,122,0,14,12106.0,629,314,315,315,0,23,29609.0,177,88,89,89,0,11,9206.0,681,340,341,341,0,18,32259.0
8000,637,318,319,319,0,16,29820.0,389,194,195,195,0,17,18720.0,393,196,197,197,0,20,18532.0,257,128,129,129,0,15,11852.0,467,233,234,234,0,17,21040.0,441,220,221,221,0,14,21033.0,677,338,339,339,0,17,32070.0,859,429,430,430,0,18,40201.0,197,98,99,99,0,14,9135.0,381,190,191,191,0,21,18505.0,877,438,439,439,0,18,41104.0,765,382,383,383,0,20,37443.0,873,436,437,437,0,21,42622.0,169,84,85,85,0,13,7105.0,773,386,387,387,0,18,37474.0,655,327,328,328,0,20,31100.0,247,123,124,124,0,14,12697.0,639,319,320,320,0,23,30226.0,197,98,99,99,0,12,9809.0,693,346,347,347,0,18,32817.0
8100,649,324,325,325,0,16,30380.0,401,200,201,201,0,17,19304.0,403,201,202,202,0,20,19099.0,265,132,133,133,0,15,12485.0,477,238,239,239,0,17,21634.0,453,226,227,227,0,14,21628.0,681,340,341,341,0,17,32660.0,275,137,138,138,0,17,14616.0,207,103,104,104,0,14,9761.0,387,193,194,194,0,21,19095.0,895,447,448,448,0,18,41722.0,777,388,389,389,0,20,38079.0,885,442,443,443,0,21,43241.0,185,92,93,93,0,13,7697.0,793,396,397,397,0,18,38050.0,657,328,329,329,0,20,31705.0,257,128,129,129,0,14,13310.0,645,322,323,323,0,23,30842.0,207,103,104,104,0,12,10408.0,701,350,351,351,0,18,33412.0
8200,659,329,330,330,0,16,30978.0,411,205,206,206,0,17,19913.0,413,206,207,207,0,20,19716.0,279,139,140,140,0,15,13060.0,489,244,245,245,0,17,22263.0,469,234,235,235,0,14,22214.0,691,345,346,346,0,17,33290.0,287,143,144,144,0,18,15198.0,91,45,46,46,0,10,3831.0,405,202,203,203,0,21,19644.0,905,452,453,453,0,18,42306.0,789,394,395,395,0,20,38655.0,901,450,451,451,0,21,43870.0,193,96,97,97,0,13,8306.0,809,404,405,405,0,18,38667.0,677,338,339,339,0,20,32317.0,267,133,134,134,0,14,13921.0,661,330,331,331,0,23,31436.0,221,110,111,111,0,12,11009.0,715,357,358,358,0,18,34049.0
8300,675,337,338,338,0,16,31589.0,425,212,213,213,0,17,20482.0,431,215,216,216,0,20,20388.0,293,146,147,147,0,16,13667.0,499,249,250,250,0,17,22850.0,475,237,238,238,0,14,22826.0,705,352,353,353,0,17,33874.0,301,150,151,151,0,18,15787.0,97,48,49,49,0,10,4428.0,411,205,206,206,0,21,20266.0,915,457,458,458,0,18,42930.0,803,401,402,402,0,20,39281.0,917,458,459,459,0,21,44482.0,209,104,105,105,0,13,8907.0,823,411,412,412,0,19,39257.0,685,342,343,343,0,20,32931.0,275,137,138,138,0,14,14557.0,671,335,336,336,0,24,32014.0,225,112,113,113,0,12,11573.0,733,366,367,367,0,18,34644.0
8400,689,344,345,345,0,16,32211.0,437,218,219,219,0,17,21146.0,443,221,222,222,0,20,21009.0,301,150,151,151,0,16,14236.0,509,254,255,255,0,17,23430.0,491,245,246,246,0,14,23428.0,733,366,367,367,0,17,34520.0,317,158,159,159,0,18,16410.0,113,56,57,57,0,11,5023.0,425,212,213,213,0,21,20826.0,921,460,461,461,0,18,43532.0,809,404,405,405,0,20,39885.0,931,465,466,466,0,21,45060.0,219,109,110,110,0,13,9478.0,839,419,420,420,0,19,39819.0,697,348,349,349,0,20,33508.0,291,145,146,146,0,14,15143.0,683,341,342,342,0,24,32628.0,235,117,118,118,0,12,12166.0,743,371,372,372,0,18,35227.0
8500,699,349,350,350,0,17,32840.0,443,221,222,222,0,17,21735.0,455,227,228,228,0,21,21603.0,311,155,156,156,0,16,14869.0,525,262,263,263,0,18,24079.0,503,251,252,252,0,14,23974.0,753,376,377,377,0,17,35129.0,325,162,163,163,0,18,17020.0,123,61,62,62,0,11,5654.0,431,215,216,216,0,21,21400.0,937,468,469,469,0,19,44096.0,825,412,413,413,0,20,40449.0,941,470,471,471,0,21,45633.0,235,117,118,118,0,13,10102.0,853,426,427,427,0,19,40419.0,709,354,355,355,0,20,34104.0,299,149,150,150,0,14,15716.0,693,346,347,347,0,24,33194.0,255,127,128,128,0,13,12768.0,767,383,384,384,0,18,35796.0
8600,719,359,360,360,0,17,33428.0,461,230,231,231,0,17,22335.0,473,236,237,237,0,21,22236.0,319,159,160,160,0,16,15472.0,529,264,265,265,0,18,24654.0,505,252,253,253,0,14,24580.0,763,381,382,382,0,18,35727.0,339,169,170,170,0,18,17603.0,137,68,69,69,0,11,6263.0,445,222,223,223,0,21,22062.0,955,477,478,478,0,19,44710.0,831,415,416,416,0,20,41051.0,957,478,479,479,0,21,46249.0,247,123,124,124,0,13,10715.0,859,429,430,430,0,19,40996.0,715,357,358,358,0,20,34671.0,161,80,81,81,0,13,7408.0,701,350,351,351,0,24,33759.0,265,132,133,133,0,13,13347.0,775,387,388,388,0,18,36395.0
8700,733,366,367,367,0,17,34030.0,477,238,239,239,0,17,22945.0,487,243,244,244,0,21,22825.0,333,166,167,167,0,16,16070.0,549,274,275,275,0,18,25213.0,519,259,260,260,0,14,25181.0,777,388,389,389,0,18,36310.0,351,175,176,176,0,18,18229.0,147,73,74,74,0,12,6851.0,463,231,232,232,0,21,22636.0,969,484,485,485,0,19,45276.0,217,108,109,109,0,18,10197.0,965,482,483,483,0,21,46881.0,259,129,130,130,0,14,11358.0,865,432,433,433,0,19,41574.0,729,364,365,365,0,20,35280.0,189,94,95,95,0,13,8040.0,717,358,359,359,0,24,34351.0,277,138,139,139,0,13,13925.0,789,394,395,395,0,18,37013.0
8800,747,373,374,374,0,17,34636.0,491,245,246,246,0,17,23575.0,491,245,246,246,0,21,23417.0,347,173,174,174,0,16,16642.0,561,280,281,281,0,18,25813.0,527,263,264,264,0,14,25773.0,787,393,394,394,0,18,36939.0,367,183,184,184,0,18,18823.0,159,79,80,80,0,12,7445.0,481,240,241,241,0,21,23258.0,983,491,492,492,0,19,45887.0,239,119,120,120,0,18,10811.0,973,486,487,487,0,21,47500.0,265,132,133,133,0,14,11938.0,883,441,442,442,0,19,42188.0,733,366,367,367,0,20,35868.0,195,97,98,98,0,14,8610.0,727,363,364,364,0,24,34958.0,293,146,147,147,0,13,14512.0,803,401,402,402,0,18,37568.0
8900,755,377,378,378,0,17,35215.0,497,248,249,249,0,17,24170.0,507,253,254,254,0,21,24025.0,361,180,181,181,0,16,17262.0,569,284,285,285,0,19,26375.0,531,265,266,266,0,14,26392.0,801,400,401,401,0,18,37549.0,375,187,188,188,0,18,19420.0,167,83,84,84,0,12,8050.0,501,250,251,251,0,21,23869.0,993,496,497,497,0,19,46447.0,247,123,124,124,0,18,11436.0,983,491,492,492,0,21,48093.0,277,138,139,139,0,14,12531.0,899,449,450,450,0,19,42794.0,745,372,373,373,0,20,36480.0,205,102,103,103,0,14,9246.0,743,371,372,372,0,24,35580.0,319,159,160,160,0,14,15111.0,817,408,409,409,0,18,38181.0
9000,767,383,384,384,0,17,35745.0,507,253,254,254,0,17,24732.0,527,263,264,264,0,21,24618.0,381,190,191,191,0,17,17889.0,581,290,291,291,0,19,26961.0,555,277,278,278,0,14,26985.0,813,406,407,407,0,18,38180.0,391,195,196,196,0,19,20023.0,177,88,89,89,0,12,8682.0,513,256,257,257,0,21,24456.0,1009,504,505,505,0,19,47010.0,255,127,128,128,0,19,12029.0,997,498,499,499,0,21,48695.0,293,146,147,147,0,14,13094.0,907,453,454,454,0,19,43378.0,755,377,378,378,0,20,37066.0,217,108,109,109,0,14,9852.0,753,376,377,377,0,24,36211.0,329,164,165,165,0,14,15747.0,823,411,412,412,0,18,38776.0
9100,785,392,393,393,0,17,36349.0,513,256,257,257,0,17,25311.0,537,268,269,269,0,21,25205.0,389,194,195,195,0,17,18463.0,593,296,297,297,0,19,27562.0,569,284,285,285,0,14,27609.0,827,413,414,414,0,18,38808.0,401,200,201,201,0,19,20658.0,197,98,99,99,0,12,9262.0,523,261,262,262,0,21,25038.0,1011,505,506,506,0,19,47597.0,267,133,134,134,0,19,12578.0,1009,504,505,505,0,21,49311.0,307,153,154,154,0,14,13671.0,933,466,467,467,0,19,43955.0,769,384,385,385,0,20,37652.0,227,113,114,114,0,14,10438.0,757,378,379,379,0,24,36783.0,341,170,171,171,0,14,16339.0,835,417,418,418,0,18,39360.0
9200,795,397,398,398,0,17,37020.0,523,261,262,262,0,17,25888.0,547,273,274,274,0,22,25799.0,405,202,203,203,0,17,19066.0,599,299,300,300,0,19,28181.0,161,80,81,81,0,13,8051.0,847,423,424,424,0,18,39356.0,413,206,207,207,0,19,21256.0,205,102,103,103,0,13,9908.0,529,264,265,265,0,22,25584.0,1029,514,515,515,0,20,48191.0,273,136,137,137,0,19,13184.0,1019,509,510,510,0,21,49933.0,319,159,160,160,0,14,14274.0,939,469,470,470,0,19,44536.0,783,391,392,392,0,20,38218.0,245,122,123,123,0,14,11048.0,775,387,388,388,0,24,37376.0,345,172,173,173,0,14,16966.0,847,423,424,424,0,18,39965.0
9300,803,401,402,402,0,17,37678.0,541,270,271,271,0,17,26473.0,555,277,278,278,0,22,26409.0,413,206,207,207,0,17,19638.0,613,306,307,307,0,19,28769.0,177,88,89,89,0,13,8629.0,853,426,427,427,0,18,39956.0,423,211,212,212,0,20,21848.0,219,109,110,110,0,13,10509.0,547,273,274,274,0,22,26208.0,1035,517,518,518,0,20,48794.0,289,144,145,145,0,19,13772.0,1033,516,517,517,0,21,50513.0,337,168,169,169,0,14,14885.0,947,473,474,474,0,19,45120.0,793,396,397,397,0,20,38830.0,253,126,127,127,0,14,11620.0,781,390,391,391,0,24,38017.0,353,176,177,177,0,14,17566.0,863,431,432,432,0,18,40574.0
9400,825,412,413,413,0,17,38260.0,193,96,97,97,0,13,11450.0,571,285,286,286,0,22,26996.0,425,212,213,213,0,17,20235.0,621,310,311,311,0,19,29407.0,191,95,96,96,0,13,9222.0,867,433,434,434,0,18,40554.0,433,216,217,217,0,20,22456.0,231,115,116,116,0,13,11069.0,555,277,278,278,0,22,26817.0,1057,528,529,529,0,20,49400.0,307,153,154,154,0,19,14384.0,1047,523,524,524,0,22,51103.0,347,173,174,174,0,14,15433.0,961,480,481,481,0,19,45736.0,819,409,410,410,0,20,39440.0,273,136,137,137,0,14,12241.0,797,398,399,399,0,25,38649.0,373,186,187,187,0,15,18189.0,867,433,434,434,0,18,41184.0
9500,833,416,417,417,0,17,38823.0,207,103,104,104,0,13,12050.0,581,290,291,291,0,22,27606.0,433,216,217,217,0,17,20816.0,633,316,317,317,0,19,30016.0,203,101,102,102,0,13,9820.0,883,441,442,442,0,18,41216.0,445,222,223,223,0,20,23069.0,241,120,121,121,0,13,11676.0,559,279,280,280,0,22,27445.0,1075,537,538,538,0,20,49984.0,319,159,160,160,0,19,15005.0,1071,535,536,536,0,22,51709.0,361,180,181,181,0,14,16063.0,969,484,485,485,0,19,46327.0,831,415,416,416,0,20,40030.0,279,139,140,140,0,15,12814.0,807,403,404,404,0,25,39200.0,377,188,189,189,0,15,18772.0,875,437,438,438,0,18,41760.0
9600,843,421,422,422,0,17,39403.0,221,110,111,111,0,13,12614.0,585,292,293,293,0,22,28163.0,445,222,223,223,0,17,21450.0,641,320,321,321,0,19,30644.0,217,108,109,109,0,14,10452.0,889,444,445,445,0,18,41815.0,449,224,225,225,0,20,23676.0,257,128,129,129,0,14,12286.0,571,285,286,286,0,22,28076.0,1083,541,542,542,0,20,50590.0,337,168,169,169,0,20,15609.0,1081,540,541,541,0,22,52293.0,367,183,184,184,0,15,16689.0,975,487,488,488,0,19,46915.0,847,423,424,424,0,21,40658.0,291,145,146,146,0,15,13420.0,819,409,410,410,0,25,39846.0,383,191,192,192,0,15,19342.0,885,442,443,443,0,18,42363.0
9700,849,424,425,425,0,17,40012.0,223,111,112,112,0,13,13196.0,595,297,298,298,0,22,28717.0,459,229,230,230,0,17,22082.0,649,324,325,325,0,19,31260.0,237,118,119,119,0,14,11056.0,903,451,452,452,0,18,42403.0,459,229,230,230,0,20,24266.0,267,133,134,134,0,14,12873.0,575,287,288,288,0,22,28695.0,1091,545,546,546,0,20,51221.0,351,175,176,176,0,20,16186.0,1095,547,548,548,0,22,52888.0,381,190,191,191,0,15,17294.0,987,493,494,494,0,19,47566.0,853,426,427,427,0,21,41244.0,305,152,153,153,0,15,14054.0,835,417,418,418,0,25,40488.0,395,197,198,198,0,15,19922.0,891,445,446,446,0,18,42979.0
9800,859,429,430,430,0,17,40624.0,233,116,117,117,0,13,13801.0,605,302,303,303,0,22,29349.0,465,232,233,233,0,17,22676.0,657,328,329,329,0,19,31876.0,245,122,123,123,0,14,11663.0,907,453,454,454,0,18,43026.0,467,233,234,234,0,20,24846.0,277,138,139,139,0,14,13478.0,593,296,297,297,0,22,29259.0,1109,554,555,555,0,20,51837.0,353,176,177,177,0,20,16811.0,1109,554,555,555,0,22,53476.0,391,195,196,196,0,15,17888.0,997,498,499,499,0,19,48136.0,867,433,434,434,0,21,41866.0,313,156,157,157,0,15,14672.0,847,423,424,424,0,25,41096.0,401,200,201,201,0,15,20481.0,909,454,455,455,0,18,43564.0
9900,877,438,439,439,0,17,41233.0,251,125,126,126,0,13,14391.0,631,315,316,316,0,23,29978.0,351,175,176,176,0,15,15309.0,665,332,333,333,0,19,32450.0,253,126,127,127,0,14,12333.0,921,460,461,461,0,18,43638.0,475,237,238,238,0,21,25412.0,281,140,141,141,0,14,14063.0,601,300,301,301,0,22,29802.0,1119,559,560,560,0,20,52398.0,361,180,181,181,0,20,17379.0,1125,562,563,563,0,22,54061.0,401,200,201,201,0,15,18477.0,73,36,37,37,0,10,3387.0,881,440,441,441,0,21,42454.0,327,163,164,164,0,16,15226.0,871,435,436,436,0,26,41719.0,405,202,203,203,0,15,21072.0,919,459,460,460,0,18,44180.0
10000,887,443,444,444,0,18,41837.0,265,132,133,133,0,13,14996.0,637,318,319,319,0,23,30565.0,365,182,183,183,0,15,15906.0,685,342,343,343,0,20,33023.0,261,130,131,131,0,14,12916.0,935,467,468,468,0,18,44266.0,497,248,249,249,0,21,26020.0,295,147,148,148,0,14,14688.0,613,306,307,307,0,22,30413.0,1137,568,569,569,0,20,52937.0,371,185,186,186,0,20,17974.0,1133,566,567,567,0,22,54650.0,417,208,209,209,0,15,19096.0,79,39,40,40,0,10,3950.0,897,448,449,449,0,21,43047.0,343,171,172,172,0,16,15835.0,877,438,439,439,0,26,42284.0,427,213,214,214,0,15,21664.0,925,462,463,463,0,18,44768.0
10100,907,453,454,454,0,18,42417.0,275,137,138,138,0,13,15573.0,655,327,328,328,0,23,31195.0,377,188,189,189,0,16,16559.0,703,351,352,352,0,20,33631.0,273,136,137,137,0,14,13501.0,947,473,474,474,0,18,44810.0,503,251,252,252,0,21,26625.0,305,152,153,153,0,14,15269.0,629,314,315,315,0,23,30971.0,1155,577,578,578,0,20,53515.0,381,190,191,191,0,20,18574.0,759,379,380,380,0,20,36999.0,431,215,216,216,0,15,19732.0,87,43,44,44,0,11,4563.0,909,454,455,455,0,21,43649.0,353,176,177,177,0,16,16447.0,891,445,446,446,0,26,42891.0,439,219,220,220,0,15,22299.0,945,472,473,473,0,18,45381.0
10200,919,459,460,460,0,18,43034.0,285,142,143,143,0,14,16161.0,661,330,331,331,0,23,31802.0,395,197,198,198,0,16,17140.0,709,354,355,355,0,20,34215.0,283,141,142,142,0,14,14143.0,961,480,481,481,0,18,45360.0,519,259,260,260,0,21,27251.0,313,156,157,157,0,14,15875.0,645,322,323,323,0,23,31541.0,1163,581,582,582,0,20,54061.0,397,198,199,199,0,20,19190.0,767,383,384,384,0,20,37575.0,433,216,217,217,0,15,20342.0,97,48,49,49,0,11,5160.0,915,457,458,458,0,22,44248.0,357,178,179,179,0,16,17079.0,895,447,448,448,0,26,43489.0,455,227,228,228,0,15,22884.0,955,477,478,478,0,18,45958.0
10300,929,464,465,465,0,18,43646.0,303,151,152,152,0,14,16725.0,671,335,336,336,0,23,32413.0,401,200,201,201,0,16,17732.0,717,358,359,359,0,20,34774.0,295,147,148,148,0,14,14711.0,977,488,489,489,0,18,45933.0,525,262,263,263,0,21,27816.0,337,168,169,169,0,14,16455.0,649,324,325,325,0,23,32104.0,1179,589,590,590,0,20,54654.0,413,206,207,207,0,20,19829.0,783,391,392,392,0,20,38218.0,455,227,228,228,0,15,20953.0,111,55,56,56,0,12,5751.0,925,462,463,463,0,22,44883.0,375,187,188,188,0,16,17705.0,907,453,454,454,0,26,44072.0,467,233,234,234,0,15,23456.0,969,484,485,485,0,19,46565.0
10400,943,471,472,472,0,18,44259.0,307,153,154,154,0,14,17351.0,685,342,343,343,0,23,33041.0,413,206,207,207,0,16,18338.0,723,361,362,362,0,20,35413.0,313,156,157,157,0,14,15263.0,989,494,495,495,0,19,46542.0,529,264,265,265,0,21,28401.0,185,92,93,93,0,13,8322.0,663,331,332,332,0,23,32733.0,67,33,34,34,0,10,3307.0,425,212,213,213,0,20,20419.0,797,398,399,399,0,21,38810.0,473,236,237,237,0,15,21551.0,125,62,63,63,0,12,6350.0,931,465,466,466,0,22,45441.0,387,193,194,194,0,16,18315.0,913,456,457,457,0,26,44622.0,469,234,235,235,0,15,24073.0,977,488,489,489,0,19,47075.0
10500,951,475,476,476,0,18,44900.0,319,159,160,160,0,14,17960.0,697,348,349,349,0,23,33636.0,421,210,211,211,0,16,18950.0,739,369,370,370,0,20,36016.0,323,161,162,162,0,14,15805.0,1001,500,501,501,0,19,47098.0,539,269,270,270,0,21,28973.0,203,101,102,102,0,13,8903.0,677,338,339,339,0,23,33341.0,79,39,40,40,0,10,3865.0,439,219,220,220,0,20,21010.0,807,403,404,404,0,21,39419.0,483,241,242,242,0,16,22157.0,139,69,70,70,0,12,6964.0,947,473,474,474,0,22,46038.0,405,202,203,203,0,16,18915.0,925,462,463,463,0,26,45236.0,483,241,242,242,0,15,24677.0,991,495,496,496,0,19,47648.0
10600,965,482,483,483,0,18,45500.0,329,164,165,165,0,14,18556.0,707,353,354,354,0,23,34212.0,427,213,214,214,0,16,19569.0,753,376,377,377,0,20,36618.0,339,169,170,170,0,14,16384.0,1017,508,509,509,0,19,47679.0,555,277,278,278,0,21,29603.0,213,106,107,107,0,13,9478.0,693,346,347,347,0,23,33960.0,97,48,49,49,0,12,4476.0,453,226,227,227,0,20,21582.0,821,410,411,411,0,21,40018.0,491,245,246,246,0,16,22792.0,153,76,77,77,0,13,7593.0,953,476,477,477,0,22,46655.0,425,212,213,213,0,16,19491.0,935,467,468,468,0,26,45854.0,499,249,250,250,0,15,25266.0,1001,500,501,501,0,19,48261.0
10700,977,488,489,489,0,18,46100.0,335,167,168,168,0,14,19151.0,723,361,362,362,0,23,34807.0,447,223,224,224,0,16,20195.0,763,381,382,382,0,20,37211.0,347,173,174,174,0,14,16997.0,1029,514,515,515,0,19,48300.0,573,286,287,287,0,21,30210.0,227,113,114,114,0,14,10069.0,705,352,353,353,0,23,34571.0,119,59,60,60,0,12,5031.0,471,235,236,236,0,20,22153.0,831,415,416,416,0,21,40581.0,503,251,252,252,0,16,23397.0,167,83,84,84,0,13,8264.0,959,479,480,480,0,22,47223.0,435,217,218,218,0,16,20069.0,951,475,476,476,0,26,46488.0,517,258,259,259,0,15,25869.0,1001,500,501,501,0,19,48821.0
10800,993,496,497,497,0,18,46729.0,357,178,179,179,0,14,19747.0,737,368,369,369,0,23,35406.0,457,228,229,229,0,16,20764.0,763,381,382,382,0,20,37805.0,363,181,182,182,0,14,17578.0,1043,521,522,522,0,19,48879.0,593,296,297,297,0,21,30870.0,229,114,115,115,0,14,10664.0,719,359,360,360,0,23,35165.0,127,63,64,64,0,13,5653.0,483,241,242,242,0,20,22749.0,849,424,425,425,0,21,41162.0,521,260,261,261,0,16,24072.0,179,89,90,90,0,13,8858.0,971,485,486,486,0,22,47860.0,447,223,224,224,0,16,20674.0,963,481,482,482,0,26,47103.0,527,263,264,264,0,15,26460.0,1015,507,508,508,0,19,49397.0
10900,1015,507,508,508,0,18,47350.0,369,184,185,185,0,14,20347.0,745,372,373,373,0,23,36024.0,473,236,237,237,0,16,21357.0,777,388,389,389,0,20,38454.0,371,185,186,186,0,14,18164.0,1057,528,529,529,0,19,49478.0,615,307,308,308,0,21,31427.0,245,122,123,123,0,14,11264.0,729,364,365,365,0,23,35755.0,141,70,71,71,0,14,6278.0,497,248,249,249,0,21,23354.0,851,425,426,426,0,21,41718.0,539,269,270,270,0,16,24696.0,191,95,96,96,0,13,9436.0,985,492,493,493,0,22,48460.0,457,228,229,229,0,16,21262.0,985,492,493,493,0,26,47683.0,543,271,272,272,0,15,27059.0,1031,515,516,516,0,19,49989.0
11000,1023,511,512,512,0,18,47989.0,381,190,191,191,0,14,20945.0,757,378,379,379,0,23,36667.0,483,241,242,242,0,16,21972.0,797,398,399,399,0,21,39014.0,381,190,191,191,0,15,18744.0,1077,538,539,539,0,19,50118.0,623,311,312,312,0,21,31999.0,257,128,129,129,0,14,11887.0,739,369,370,370,0,23,36395.0,153,76,77,77,0,14,6902.0,507,253,254,254,0,21,23943.0,861,430,431,431,0,21,42340.0,559,279,280,280,0,16,25335.0,205,102,103,103,0,13,9985.0,987,493,494,494,0,22,49044.0,471,235,236,236,0,16,21908.0,1003,501,502,502,0,26,48256.0,555,277,278,278,0,15,27661.0,1039,519,520,520,0,19,50607.0
11100,1039,519,520,520,0,18,48609.0,395,197,198,198,0,14,21492.0,773,386,387,387,0,23,37284.0,501,250,251,251,0,16,22531.0,819,409,410,410,0,21,39635.0,393,196,197,197,0,15,19349.0,1081,540,541,541,0,19,50713.0,633,316,317,317,0,21,32606.0,263,131,132,132,0,14,12453.0,747,373,374,374,0,23,37004.0,167,83,84,84,0,14,7454.0,521,260,261,261,0,21,24533.0,875,437,438,438,0,21,42953.0,571,285,286,286,0,16,25926.0,217,108,109,109,0,14,10618.0,995,497,498,498,0,22,49625.0,481,240,241,241,0,17,22536.0,1021,510,511,511,0,26,48872.0,569,284,285,285,0,15,28289.0,1061,530,531,531,0,20,51209.0
11200,1057,528,529,529,0,18,49227.0,407,203,204,204,0,14,22097.0,791,395,396,396,0,23,37864.0,515,257,258,258,0,16,23118.0,827,413,414,414,0,21,40260.0,409,204,205,205,0,15,19927.0,1095,547,548,548,0,19,51340.0,649,324,325,325,0,21,33214.0,275,137,138,138,0,15,13095.0,771,385,386,386,0,23,37609.0,183,91,92,92,0,15,8067.0,535,267,268,268,0,22,25135.0,887,443,444,444,0,21,43549.0,579,289,290,290,0,17,26536.0,225,112,113,113,0,14,11226.0,1005,502,503,503,0,22,50239.0,491,245,246,246,0,17,23111.0,1037,518,519,519,0,26,49466.0,581,290,291,291,0,15,28847.0,1073,536,537,537,0,20,51781.0
11300,1061,530,531,531,0,18,49848.0,411,205,206,206,0,14,22701.0,801,400,401,401,0,23,38446.0,527,263,264,264,0,16,23722.0,841,420,421,421,0,21,40891.0,417,208,209,209,0,15,20530.0,1117,558,559,559,0,19,51935.0,655,327,328,328,0,21,33802.0,287,143,144,144,0,15,13629.0,777,388,389,389,0,23,38210.0,193,96,97,97,0,15,8614.0,551,275,276,276,0,22,25726.0,897,448,449,449,0,21,44130.0,595,297,298,298,0,17,27187.0,233,116,117,117,0,14,11813.0,1015,507,508,508,0,22,50863.0,507,253,254,254,0,17,23714.0,1055,527,528,528,0,26,50108.0,589,294,295,295,0,15,29419.0,1083,541,542,542,0,20,52372.0
11400,1067,533,534,534,0,18,50416.0,429,214,215,215,0,15,23293.0,807,403,404,404,0,23,39055.0,533,266,267,267,0,17,24315.0,849,424,425,425,0,21,41500.0,435,217,218,218,0,15,21165.0,1129,564,565,565,0,19,52557.0,665,332,333,333,0,22,34397.0,303,151,152,152,0,15,14248.0,787,393,394,394,0,23,38805.0,211,105,106,106,0,15,9164.0,561,280,281,281,0,22,26302.0,907,453,454,454,0,21,44687.0,605,302,303,303,0,17,27803.0,245,122,123,123,0,14,12428.0,1021,510,511,511,0,22,51432.0,513,256,257,257,0,17,24316.0,1063,531,532,532,0,26,50674.0,603,301,302,302,0,15,30033.0,1097,548,549,549,0,20,52955.0
11500,1077,538,539,539,0,19,50980.0,441,220,221,221,0,15,23877.0,817,408,409,409,0,23,39675.0,547,273,274,274,0,17,24944.0,863,431,432,432,0,21,42096.0,443,221,222,222,0,16,21794.0,1137,568,569,569,0,19,53183.0,677,338,339,339,0,22,35007.0,321,160,161,161,0,15,14832.0,791,395,396,396,0,23,39421.0,221,110,111,111,0,15,9774.0,573,286,287,287,0,22,26914.0,913,456,457,457,0,21,45298.0,621,310,311,311,0,17,28401.0,255,127,128,128,0,14,13021.0,1033,516,517,517,0,22,52043.0,533,266,267,267,0,17,24892.0,1073,536,537,537,0,26,51232.0,617,308,309,309,0,15,30637.0,1101,550,551,551,0,20,53560.0
11600,1093,546,547,547,0,19,51625.0,447,223,224,224,0,15,24471.0,831,415,416,416,0,23,40283.0,557,278,279,279,0,17,25574.0,877,438,439,439,0,21,42709.0,459,229,230,230,0,16,22388.0,1147,573,574,574,0,19,53788.0,693,346,347,347,0,22,35569.0,329,164,165,165,0,15,15445.0,801,400,401,401,0,23,40027.0,233,116,117,117,0,15,10363.0,577,288,289,289,0,22,27482.0,925,462,463,463,0,21,45872.0,629,314,315,315,0,17,28994.0,267,133,134,134,0,14,13581.0,1049,524,525,525,0,22,52629.0,547,273,274,274,0,17,25519.0,1089,544,545,545,0,26,51790.0,635,317,318,318,0,15,31248.0,1113,556,557,557,0,20,54176.0
11700,1101,550,551,551,0,19,52217.0,473,236,237,237,0,15,25045.0,837,418,419,419,0,23,40902.0,569,284,285,285,0,17,26165.0,885,442,443,443,0,21,43315.0,475,237,238,238,0,16,23006.0,65,32,33,33,0,9,3105.0,713,356,357,357,0,22,36211.0,341,170,171,171,0,15,16050.0,811,405,406,406,0,23,40647.0,239,119,120,120,0,15,10942.0,595,297,298,298,0,22,28090.0,941,470,471,471,0,21,46491.0,639,319,320,320,0,17,29606.0,277,138,139,139,0,14,14188.0,335,167,168,168,0,13,15246.0,555,277,278,278,0,17,26170.0,1099,549,550,550,0,26,52402.0,647,323,324,324,0,15,31881.0,1127,563,564,564,0,20,54791.0
11800,1113,556,557,557,0,19,52810.0,489,244,245,245,0,15,25592.0,843,421,422,422,0,23,41486.0,579,289,290,290,0,17,26763.0,891,445,446,446,0,21,43889.0,485,242,243,243,0,16,23615.0,85,42,43,43,0,10,3755.0,721,360,361,361,0,22,36791.0,355,177,178,178,0,15,16608.0,819,409,410,410,0,23,41254.0,251,125,126,126,0,16,11560.0,617,308,309,309,0,22,28695.0,963,481,482,482,0,21,47075.0,657,328,329,329,0,17,30219.0,289,144,145,145,0,14,14770.0,347,173,174,174,0,13,15877.0,571,285,286,286,0,17,26741.0,1109,554,555,555,0,26,52994.0,657,328,329,329,0,15,32439.0,1139,569,570,570,0,20,55392.0
11900,1131,565,566,566,0,19,53408.0,499,249,250,250,0,15,26185.0,857,428,429,429,0,24,42087.0,589,294,295,295,0,17,27334.0,909,454,455,455,0,22,44532.0,499,249,250,250,0,16,24225.0,95,47,48,48,0,10,4368.0,733,366,367,367,0,22,37370.0,367,183,184,184,0,16,17215.0,177,88,89,89,0,14,8210.0,259,129,130,130,0,16,12146.0,629,314,315,315,0,22,29275.0,973,486,487,487,0,21,47648.0,663,331,332,332,0,17,30843.0,311,155,156,156,0,14,15382.0,355,177,178,178,0,13,16449.0,583,291,292,292,0,17,27325.0,1127,563,564,564,0,26,53601.0,667,333,334,334,0,15,33055.0,1145,572,573,573,0,20,55983.0
12000,1135,567,568,568,0,19,53998.0,513,256,257,257,0,15,26797.0,883,441,442,442,0,24,42699.0,603,301,302,302,0,17,27957.0,913,456,457,457,0,22,45155.0,517,258,259,259,0,16,24798.0,103,51,52,52,0,10,4945.0,747,373,374,374,0,22,37958.0,379,189,190,190,0,16,17831.0,189,94,95,95,0,14,8832.0,269,134,135,135,0,16,12742.0,643,321,322,322,0,22,29857.0,985,492,493,493,0,21,48254.0,11,5,6,6,0,5,411.0,317,158,159,159,0,15,15973.0,369,184,185,185,0,13,17027.0,595,297,298,298,0,17,27937.0,1143,571,572,572,0,26,54206.0,681,340,341,341,0,15,33661.0,1161,580,581,581,0,20,56579.0
12100,1147,573,574,574,0,19,54622.0,519,259,260,260,0,15,27385.0,901,450,451,451,0,24,43288.0,613,306,307,307,0,17,28573.0,923,461,462,462,0,22,45747.0,529,264,265,265,0,16,25389.0,113,56,57,57,0,11,5588.0,767,383,384,384,0,22,38598.0,397,198,199,199,0,16,18450.0,199,99,100,100,0,14,9394.0,281,140,141,141,0,16,13302.0,655,327,328,328,0,23,30514.0,1005,502,503,503,0,21,48862.0,25,12,13,13,0,8,1033.0,329,164,165,165,0,15,16577.0,379,189,190,190,0,14,17664.0,605,302,303,303,0,17,28550.0,1157,578,579,579,0,26,54763.0,687,343,344,344,0,16,34299.0,777,388,389,389,0,19,36549.0
12200,1161,580,581,581,0,19,55235.0,533,266,267,267,0,15,27982.0,915,457,458,458,0,24,43875.0,619,309,310,310,0,17,29188.0,945,472,473,473,0,22,46339.0,535,267,268,268,0,16,25931.0,131,65,66,66,0,12,6204.0,783,391,392,392,0,22,39215.0,405,202,203,203,0,16,19041.0,213,106,107,107,0,14,10016.0,299,149,150,150,0,16,13860.0,665,332,333,333,0,23,31145.0,1015,507,508,508,0,21,49426.0,43,21,22,22,0,10,1624.0,341,170,171,171,0,15,17167.0,397,198,199,199,0,14,18267.0,1,0,1,1,0,1,21.0,1175,587,588,588,0,26,55396.0,707,353,354,354,0,16,34895.0,791,395,396,396,0,19,37169.0
12300,1175,587,588,588,0,19,55831.0,549,274,275,275,0,15,28582.0,925,462,463,463,0,24,44413.0,637,318,319,319,0,17,29798.0,961,480,481,481,0,22,46951.0,547,273,274,274,0,17,26551.0,147,73,74,74,0,12,6797.0,797,398,399,399,0,22,39852.0,409,204,205,205,0,16,19639.0,225,112,113,113,0,14,10619.0,309,154,155,155,0,16,14466.0,673,336,337,337,0,23,31735.0,1031,515,516,516,0,21,49992.0,47,23,24,24,0,10,2262.0,351,175,176,176,0,15,17749.0,413,206,207,207,0,14,18883.0,13,6,7,7,0,6,637.0,1179,589,590,590,0,26,55978.0,723,361,362,362,0,16,35506.0,805,402,403,403,0,19,37766.0
12400,1191,595,596,596,0,19,56395.0,559,279,280,280,0,16,29200.0,935,467,468,468,0,24,45025.0,645,322,323,323,0,17,30395.0,975,487,488,488,0,22,47567.0,561,280,281,281,0,17,27144.0,159,79,80,80,0,13,7392.0,813,406,407,407,0,22,40436.0,421,210,211,211,0,16,20204.0,237,118,119,119,0,14,11233.0,323,161,162,162,0,16,15074.0,687,343,344,344,0,23,32377.0,1049,524,525,525,0,21,50616.0,59,29,30,30,0,11,2870.0,371,185,186,186,0,15,18366.0,431,215,216,216,0,14,19495.0,21,10,11,11,0,8,1268.0,1193,596,597,597,0,26,56547.0,731,365,366,366,0,16,36127.0,817,408,409,409,0,19,38381.0
12500,1203,601,602,602,0,19,56945.0,569,284,285,285,0,16,29807.0,941,470,471,471,0,24,45626.0,655,327,328,328,0,17,30974.0,989,494,495,495,0,22,48142.0,585,292,293,293,0,17,27700.0,169,84,85,85,0,13,7923.0,819,409,410,410,0,22,41036.0,433,216,217,217,0,17,20792.0,245,122,123,123,0,14,11817.0,333,166,167,167,0,16,15672.0,699,349,350,350,0,23,32948.0,1061,530,531,531,0,21,51214.0,77,38,39,39,0,12,3517.0,377,188,189,189,0,15,18961.0,439,219,220,220,0,14,20101.0,37,18,19,19,0,9,1893.0,1199,599,600,600,0,26,57151.0,743,371,372,372,0,16,36755.0,827,413,414,414,0,19,38958.0
12600,1221,610,611,611,0,19,57524.0,581,290,291,291,0,16,30383.0,947,473,474,474,0,24,46224.0,665,332,333,333,0,17,31584.0,1003,501,502,502,0,22,48738.0,595,297,298,298,0,17,28288.0,179,89,90,90,0,13,8528.0,835,417,418,418,0,23,41636.0,451,225,226,226,0,17,21357.0,263,131,132,132,0,14,12388.0,347,173,174,174,0,16,16294.0,711,355,356,356,0,23,33596.0,1069,534,535,535,0,22,51826.0,11,5,6,6,0,6,563.0,389,194,195,195,0,15,19587.0,451,225,226,226,0,14,20721.0,51,25,26,26,0,9,2530.0,1213,606,607,607,0,26,57781.0,755,377,378,378,0,16,37353.0,853,426,427,427,0,19,39523.0
12700,1231,615,616,616,0,19,58122.0,593,296,297,297,0,16,30984.0,965,482,483,483,0,24,46840.0,673,336,337,337,0,17,32204.0,1009,504,505,505,0,22,49350.0,609,304,305,305,0,17,28855.0,189,94,95,95,0,13,9141.0,849,424,425,425,0,23,42234.0,459,229,230,230,0,17,21980.0,277,138,139,139,0,14,12991.0,361,180,181,181,0,16,16867.0,719,359,360,360,0,23,34205.0,1093,546,547,547,0,22,52412.0,25,12,13,13,0,7,1190.0,393,196,197,197,0,15,20155.0,463,231,232,232,0,15,21302.0,61,30,31,31,0,10,3094.0,1225,612,613,613,0,26,58392.0,761,380,381,381,0,16,37958.0,865,432,433,433,0,19,40100.0
12800,1255,627,628,628,0,19,58752.0,607,303,304,304,0,16,31598.0,975,487,488,488,0,24,47407.0,685,342,343,343,0,17,32783.0,1027,513,514,514,0,22,49928.0,617,308,309,309,0,17,29474.0,197,98,99,99,0,14,9753.0,859,429,430,430,0,23,42868.0,473,236,237,237,0,17,22574.0,289,144,145,145,0,14,13599.0,379,189,190,190,0,17,17513.0,731,365,366,366,0,23,34831.0,1105,552,553,553,0,22,53034.0,39,19,20,20,0,8,1779.0,403,201,202,202,0,15,20735.0,475,237,238,238,0,15,21922.0,17,8,9,9,0,6,905.0,1237,618,619,619,0,26,58999.0,769,384,385,385,0,16,38531.0,875,437,438,438,0,19,40687.0
12900,1267,633,634,634,0,19,59362.0,615,307,308,308,0,16,32192.0,991,495,496,496,0,24,47982.0,695,347,348,348,0,17,33364.0,1037,518,519,519,0,22,50491.0,631,315,316,316,0,17,30084.0,207,103,104,104,0,14,10331.0,877,438,439,439,0,23,43511.0,485,242,243,243,0,17,23159.0,303,151,152,152,0,15,14177.0,395,197,198,198,0,17,18134.0,751,375,376,376,0,23,35431.0,1113,556,557,557,0,22,53628.0,59,29,30,30,0,10,2402.0,421,210,211,211,0,16,21366.0,487,243,244,244,0,15,22493.0,29,14,15,15,0,8,1470.0,1259,629,630,630,0,26,59643.0,787,393,394,394,0,16,39134.0,885,442,443,443,0,19,41300.0
13000,1283,641,642,642,0,20,59968.0,629,314,315,315,0,16,32797.0,1007,503,504,504,0,25,48596.0,707,353,354,354,0,17,33964.0,1049,524,525,525,0,22,51081.0,639,319,320,320,0,17,30647.0,225,112,113,113,0,14,10956.0,895,447,448,448,0,23,44126.0,495,247,248,248,0,17,23724.0,315,157,158,158,0,15,14767.0,403,201,202,202,0,17,18707.0,769,384,385,385,0,23,36027.0,1129,564,565,565,0,22,54244.0,71,35,36,36,0,10,2982.0,435,217,218,218,0,16,21924.0,499,249,250,250,0,15,23136.0,41,20,21,21,0,9,2075.0,1271,635,636,636,0,26,60299.0,803,401,402,402,0,16,39781.0,895,447,448,448,0,20,41914.0
13100,1293,646,647,647,0,20,60548.0,641,320,321,321,0,16,33363.0,1031,515,516,516,0,25,49202.0,729,364,365,365,0,17,34596.0,1061,530,531,531,0,22,51690.0,643,321,322,322,0,17,31251.0,231,115,116,116,0,14,11513.0,913,456,457,457,0,23,44729.0,509,254,255,255,0,17,24265.0,325,162,163,163,0,15,15371.0,405,202,203,203,0,17,19298.0,777,388,389,389,0,23,36671.0,1145,572,573,573,0,22,54855.0,79,39,40,40,0,11,3649.0,447,223,224,224,0,16,22498.0,509,254,255,255,0,15,23689.0,59,29,30,30,0,10,2689.0,1277,638,639,639,0,26,60861.0,811,405,406,406,0,16,40324.0,907,453,454,454,0,20,42502.0
13200,1305,652,653,653,0,20,61114.0,653,326,327,327,0,16,33972.0,1053,526,527,527,0,25,49801.0,741,370,371,371,0,17,35182.0,1079,539,540,540,0,22,52273.0,651,325,326,326,0,17,31833.0,243,121,122,122,0,14,12084.0,927,463,464,464,0,23,45399.0,513,256,257,257,0,17,24832.0,329,164,165,165,0,15,15960.0,417,208,209,209,0,17,19876.0,785,392,393,393,0,23,37263.0,1153,576,577,577,0,22,55411.0,89,44,45,45,0,11,4266.0,457,228,229,229,0,16,23091.0,521,260,261,261,0,15,24270.0,73,36,37,37,0,10,3272.0,1291,645,646,646,0,26,61496.0,825,412,413,413,0,17,40944.0,915,457,458,458,0,20,43083.0
13300,1313,656,657,657,0,20,61691.0,679,339,340,340,0,16,34608.0,1067,533,534,534,0,25,50372.0,761,380,381,381,0,18,35793.0,1101,550,551,551,0,22,52866.0,665,332,333,333,0,18,32431.0,257,128,129,129,0,14,12650.0,949,474,475,475,0,23,45959.0,531,265,266,266,0,17,25457.0,345,172,173,173,0,15,16579.0,427,213,214,214,0,17,20443.0,793,396,397,397,0,23,37809.0,1165,582,583,583,0,22,56037.0,109,54,55,55,0,11,4844.0,477,238,239,239,0,16,23715.0,529,264,265,265,0,15,24883.0,83,41,42,42,0,10,3882.0,1301,650,651,651,0,26,62059.0,841,420,421,421,0,17,41496.0,931,465,466,466,0,20,43681.0
13400,1329,664,665,665,0,20,62297.0,693,346,347,347,0,17,35167.0,1077,538,539,539,0,25,50974.0,769,384,385,385,0,18,36379.0,1111,555,556,556,0,22,53465.0,677,338,339,339,0,18,33021.0,269,134,135,135,0,15,13245.0,957,478,479,479,0,23,46564.0,547,273,274,274,0,17,26054.0,363,181,182,182,0,15,17155.0,437,218,219,219,0,18,21048.0,803,401,402,402,0,23,38427.0,1183,591,592,592,0,22,56634.0,127,63,64,64,0,12,5444.0,489,244,245,245,0,16,24306.0,543,271,272,272,0,15,25458.0,91,45,46,46,0,10,4477.0,1319,659,660,660,0,26,62619.0,855,427,428,428,0,17,42120.0,951,475,476,476,0,20,44254.0
13500,1339,669,670,670,0,20,62920.0,703,351,352,352,0,17,35735.0,1079,539,540,540,0,25,51593.0,781,390,391,391,0,18,36961.0,493,246,247,247,0,17,22913.0,689,344,345,345,0,18,33574.0,277,138,139,139,0,15,13850.0,961,480,481,481,0,23,47180.0,563,281,282,282,0,18,26658.0,377,188,189,189,0,15,17747.0,455,227,228,228,0,18,21685.0,811,405,406,406,0,23,39014.0,1205,602,603,603,0,22,57262.0,139,69,70,70,0,12,5978.0,507,253,254,254,0,16,24903.0,551,275,276,276,0,15,26054.0,99,49,50,50,0,10,5049.0,1331,665,666,666,0,26,63257.0,869,434,435,435,0,17,42760.0,957,478,479,479,0,20,44869.0
13600,1351,675,676,676,0,20,63542.0,723,361,362,362,0,17,36290.0,1091,545,546,546,0,25,52206.0,797,398,399,399,0,18,37585.0,503,251,252,252,0,17,23476.0,701,350,351,351,0,18,34179.0,293,146,147,147,0,15,14430.0,975,487,488,488,0,23,47801.0,577,288,289,289,0,18,27267.0,391,195,196,196,0,15,18305.0,467,233,234,234,0,18,22297.0,821,410,411,411,0,23,39603.0,1221,610,611,611,0,22,57862.0,143,71,72,72,0,12,6509.0,517,258,259,259,0,16,25485.0,561,280,281,281,0,15,26684.0,115,57,58,58,0,11,5667.0,1347,673,674,674,0,26,63833.0,879,439,440,440,0,17,43385.0,975,487,488,488,0,20,45464.0
13700,1369,684,685,685,0,20,64138.0,743,371,372,372,0,17,36884.0,1103,551,552,552,0,25,52757.0,807,403,404,404,0,18,38175.0,513,256,257,257,0,17,24076.0,715,357,358,358,0,18,34750.0,303,151,152,152,0,16,15017.0,985,492,493,493,0,24,48417.0,587,293,294,294,0,18,27844.0,409,204,205,205,0,15,18907.0,489,244,245,245,0,18,22872.0,833,416,417,417,0,23,40218.0,1231,615,616,616,0,22,58426.0,167,83,84,84,0,13,7126.0,525,262,263,263,0,16,26044.0,571,285,286,286,0,15,27281.0,129,64,65,65,0,11,6251.0,1369,684,685,685,0,26,64472.0,889,444,445,445,0,17,44014.0,987,493,494,494,0,20,46053.0
13800,1381,690,691,691,0,20,64718.0,755,377,378,378,0,17,37498.0,1117,558,559,559,0,25,53369.0,821,410,411,411,0,18,38758.0,523,261,262,262,0,17,24674.0,729,364,365,365,0,18,35392.0,311,155,156,156,0,16,15597.0,995,497,498,498,0,24,49000.0,597,298,299,299,0,18,28469.0,421,210,211,211,0,15,19506.0,501,250,251,251,0,18,23464.0,839,419,420,420,0,23,40835.0,1239,619,620,620,0,22,59026.0,177,88,89,89,0,13,7742.0,535,267,268,268,0,16,26650.0,583,291,292,292,0,16,27883.0,141,70,71,71,0,11,6832.0,1379,689,690,690,0,26,65067.0,905,452,453,453,0,17,44604.0,999,499,500,500,0,20,46645.0
13900,1393,696,697,697,0,20,65306.0,771,385,386,386,0,17,38115.0,1125,562,563,563,0,25,53952.0,827,413,414,414,0,18,39346.0,537,268,269,269,0,17,25255.0,739,369,370,370,0,18,35993.0,323,161,162,162,0,16,16189.0,1001,500,501,501,0,24,49575.0,605,302,303,303,0,18,29039.0,425,212,213,213,0,15,20042.0,509,254,255,255,0,18,24081.0,847,423,424,424,0,23,41425.0,1253,626,627,627,0,22,59641.0,185,92,93,93,0,13,8356.0,545,272,273,273,0,16,27241.0,601,300,301,301,0,16,28515.0,159,79,80,80,0,12,7413.0,1381,690,691,691,0,26,65682.0,69,34,35,35,0,10,3155.0,1013,506,507,507,0,20,47240.0
14000,1401,700,701,701,0,20,65882.0,783,391,392,392,0,17,38705.0,1133,566,567,567,0,25,54583.0,833,416,417,417,0,18,39904.0,555,277,278,278,0,17,25847.0,753,376,377,377,0,18,36597.0,339,169,170,170,0,16,16793.0,1013,506,507,507,0,24,50186.0,615,307,308,308,0,18,29633.0,431,215,216,216,0,16,20625.0,519,259,260,260,0,18,24683.0,861,430,431,431,0,23,42027.0,1265,632,633,633,0,22,60244.0,199,99,100,100,0,13,8918.0,73,36,37,37,0,11,3104.0,611,305,306,306,0,16,29126.0,165,82,83,83,0,12,8027.0,1403,701,702,702,0,26,66282.0,79,39,40,40,0,10,3775.0,1025,512,513,513,0,20,47827.0
14100,1417,708,709,709,0,20,66472.0,791,395,396,396,0,17,39332.0,1137,568,569,569,0,25,55202.0,845,422,423,423,0,18,40489.0,577,288,289,289,0,17,26443.0,767,383,384,384,0,18,37231.0,347,173,174,174,0,16,17387.0,1019,509,510,510,0,24,50754.0,637,318,319,319,0,18,30261.0,435,217,218,218,0,16,21268.0,541,270,271,271,0,18,25322.0,885,442,443,443,0,23,42632.0,1279,639,640,640,0,22,60853.0,207,103,104,104,0,14,9478.0,87,43,44,44,0,13,3706.0,623,311,312,312,0,16,29715.0,177,88,89,89,0,12,8608.0,1427,713,714,714,0,27,66892.0,91,45,46,46,0,11,4410.0,1049,524,525,525,0,20,48448.0
14200,1435,717,718,718,0,20,67060.0,801,400,401,401,0,17,39957.0,1151,575,576,576,0,25,55835.0,861,430,431,431,0,18,41088.0,589,294,295,295,0,17,27066.0,787,393,394,394,0,18,37833.0,369,184,185,185,0,16,18017.0,1033,516,517,517,0,24,51353.0,655,327,328,328,0,18,30891.0,445,222,223,223,0,16,21825.0,559,279,280,280,0,18,25954.0,893,446,447,447,0,23,43249.0,1297,648,649,649,0,22,61453.0,217,108,109,109,0,14,10070.0,101,50,51,51,0,13,4263.0,639,319,320,320,0,16,30336.0,187,93,94,94,0,13,9251.0,1441,720,721,721,0,27,67472.0,101,50,51,51,0,11,5017.0,1051,525,526,526,0,20,49036.0
14300,1437,718,719,719,0,20,67636.0,811,405,406,406,0,17,40551.0,1171,585,586,586,0,25,56458.0,873,436,437,437,0,18,41694.0,605,302,303,303,0,17,27638.0,797,398,399,399,0,18,38456.0,371,185,186,186,0,16,18598.0,1043,521,522,522,0,24,51976.0,677,338,339,339,0,18,31509.0,461,230,231,231,0,16,22435.0,563,281,282,282,0,18,26541.0,909,454,455,455,0,24,43871.0,1307,653,654,654,0,22,62047.0,229,114,115,115,0,14,10661.0,109,54,55,55,0,14,4809.0,649,324,325,325,0,16,30898.0,199,99,100,100,0,13,9863.0,1451,725,726,726,0,27,68040.0,117,58,59,59,0,12,5637.0,1055,527,528,528,0,20,49640.0
14400,1447,723,724,724,0,20,68264.0,829,414,415,415,0,17,41174.0,1175,587,588,588,0,25,57016.0,891,445,446,446,0,18,42288.0,619,309,310,310,0,17,28230.0,811,405,406,406,0,18,39068.0,383,191,192,192,0,16,19211.0,1059,529,530,530,0,24,52612.0,691,345,346,346,0,18,32098.0,467,233,234,234,0,16,23052.0,571,285,286,286,0,18,27146.0,931,465,466,466,0,24,44474.0,1321,660,661,661,0,22,62623.0,243,121,122,122,0,14,11278.0,121,60,61,61,0,14,5430.0,665,332,333,333,0,16,31492.0,207,103,104,104,0,13,10479.0,1465,732,733,733,0,27,68644.0,123,61,62,62,0,12,6252.0,1061,530,531,531,0,20,50268.0
14500,1451,725,726,726,0,20,68880.0,835,417,418,418,0,17,41760.0,1185,592,593,593,0,25,57578.0,909,454,455,455,0,18,42904.0,629,314,315,315,0,17,28818.0,819,409,410,410,0,18,39681.0,393,196,197,197,0,17,19783.0,1075,537,538,538,0,24,53180.0,705,352,353,353,0,18,32762.0,481,240,241,241,0,16,23655.0,579,289,290,290,0,18,27789.0,947,473,474,474,0,24,45073.0,1333,666,667,667,0,22,63241.0,253,126,127,127,0,14,11839.0,131,65,66,66,0,14,6025.0,679,339,340,340,0,16,32131.0,215,107,108,108,0,13,11081.0,1477,738,739,739,0,27,69254.0,145,72,73,73,0,13,6856.0,1079,539,540,540,0,20,50846.0
14600,1467,733,734,734,0,20,69478.0,845,422,423,423,0,17,42343.0,1195,597,598,598,0,25,58159.0,923,461,462,462,0,18,43495.0,641,320,321,321,0,18,29356.0,825,412,413,413,0,18,40315.0,405,202,203,203,0,17,20389.0,1083,541,542,542,0,24,53802.0,713,356,357,357,0,18,33381.0,495,247,248,248,0,16,24325.0,589,294,295,295,0,18,28376.0,965,482,483,483,0,24,45645.0,1347,673,674,674,0,22,63842.0,263,131,132,132,0,14,12448.0,145,72,73,73,0,14,6605.0,689,344,345,345,0,16,32737.0,229,114,115,115,0,13,11695.0,1487,743,744,744,0,27,69826.0,161,80,81,81,0,13,7460.0,1091,545,546,546,0,20,51421.0
14700,1479,739,740,740,0,20,70063.0,857,428,429,429,0,18,42936.0,1201,600,601,601,0,25,58701.0,937,468,469,469,0,18,44116.0,647,323,324,324,0,18,29943.0,837,418,419,419,0,18,40927.0,413,206,207,207,0,17,20984.0,1091,545,546,546,0,24,54376.0,721,360,361,361,0,19,34007.0,505,252,253,253,0,16,24960.0,597,298,299,299,0,19,28936.0,977,488,489,489,0,24,46261.0,1363,681,682,682,0,22,64416.0,277,138,139,139,0,15,13043.0,153,76,77,77,0,15,7186.0,701,350,351,351,0,16,33346.0,29,14,15,15,0,8,1105.0,1493,746,747,747,0,27,70427.0,177,88,89,89,0,14,8023.0,1105,552,553,553,0,20,52015.0
14800,1491,745,746,746,0,20,70683.0,865,432,433,433,0,18,43500.0,1211,605,606,606,0,25,59265.0,947,473,474,474,0,18,44732.0,663,331,332,332,0,18,30531.0,853,426,427,427,0,18,41507.0,425,212,213,213,0,17,21576.0,1103,551,552,552,0,24,54957.0,723,361,362,362,0,19,34613.0,525,262,263,263,0,16,25595.0,613,306,307,307,0,19,29548.0,989,494,495,495,0,24,46871.0,1373,686,687,687,0,22,65033.0,285,142,143,143,0,15,13644.0,167,83,84,84,0,15,7789.0,715,357,358,358,0,16,33966.0,37,18,19,19,0,8,1707.0,1503,751,752,752,0,27,71079.0,193,96,97,97,0,14,8596.0,1121,560,561,561,0,21,52630.0
14900,1505,752,753,753,0,20,71315.0,883,441,442,442,0,18,44094.0,1223,611,612,612,0,25,59920.0,959,479,480,480,0,18,45338.0,681,340,341,341,0,18,31183.0,867,433,434,434,0,18,42100.0,439,219,220,220,0,17,22178.0,1113,556,557,557,0,24,55550.0,737,368,369,369,0,19,35204.0,533,266,267,267,0,16,26210.0,625,312,313,313,0,19,30168.0,999,499,500,500,0,24,47464.0,1387,693,694,694,0,22,65620.0,301,150,151,151,0,15,14242.0,175,87,88,88,0,15,8373.0,725,362,363,363,0,16,34556.0,45,22,23,23,0,9,2304.0,1515,757,758,758,0,27,71732.0,205,102,103,103,0,14,9227.0,1145,572,573,573,0,21,53236.0
15000,1533,766,767,767,0,21,71888.0,895,447,448,448,0,18,44662.0,1233,616,617,617,0,25,60522.0,975,487,488,488,0,18,45960.0,691,345,346,346,0,18,31768.0,877,438,439,439,0,18,42666.0,447,223,224,224,0,17,22791.0,1121,560,561,561,0,24,56155.0,747,373,374,374,0,19,35835.0,545,272,273,273,0,16,26853.0,641,320,321,321,0,20,30763.0,1011,505,506,506,0,24,48050.0,1395,697,698,698,0,22,66242.0,309,154,155,155,0,15,14805.0,191,95,96,96,0,15,9032.0,733,366,367,367,0,16,35129.0,57,28,29,29,0,11,2928.0,1531,765,766,766,0,27,72299.0,213,106,107,107,0,14,9857.0,1149,574,575,575,0,21,53836.0
15100,1547,773,774,774,0,21,72493.0,907,453,454,454,0,18,45235.0,1241,620,621,621,0,25,61099.0,981,490,491,491,0,18,46589.0,707,353,354,354,0,18,32403.0,887,443,444,444,0,18,43256.0,465,232,233,233,0,17,23437.0,1131,565,566,566,0,24,56729.0,757,378,379,379,0,19,36435.0,561,280,281,281,0,16,27453.0,657,328,329,329,0,20,31389.0,1021,510,511,511,0,24,48625.0,1409,704,705,705,0,22,66845.0,323,161,162,162,0,15,15399.0,205,102,103,103,0,16,9592.0,745,372,373,373,0,16,35743.0,71,35,36,36,0,11,3526.0,1547,773,774,774,0,27,72878.0,223,111,112,112,0,14,10451.0,1159,579,580,580,0,21,54437.0
15200,1551,775,776,776,0,21,73120.0,929,464,465,465,0,18,45845.0,1251,625,626,626,0,25,61681.0,991,495,496,496,0,19,47168.0,727,363,364,364,0,18,33021.0,913,456,457,457,0,18,43877.0,475,237,238,238,0,17,23989.0,1141,570,571,571,0,24,57294.0,769,384,385,385,0,19,37023.0,581,290,291,291,0,17,28066.0,669,334,335,335,0,20,31981.0,1031,515,516,516,0,24,49210.0,1415,707,708,708,0,22,67458.0,335,167,168,168,0,15,15999.0,211,105,106,106,0,16,10162.0,747,373,374,374,0,16,36343.0,89,44,45,45,0,12,4127.0,1557,778,779,779,0,27,73467.0,247,123,124,124,0,14,11084.0,1177,588,589,589,0,21,54995.0
15300,1561,780,781,781,0,21,73691.0,939,469,470,470,0,18,46446.0,1263,631,632,632,0,25,62300.0,1003,501,502,502,0,19,47733.0,737,368,369,369,0,19,33601.0,927,463,464,464,0,19,44454.0,481,240,241,241,0,17,24587.0,1159,579,580,580,0,24,57930.0,777,388,389,389,0,19,37626.0,593,296,297,297,0,17,28637.0,685,342,343,343,0,20,32585.0,1051,525,526,526,0,24,49836.0,1435,717,718,718,0,22,68050.0,349,174,175,175,0,15,16579.0,221,110,111,111,0,16,10779.0,763,381,382,382,0,16,36908.0,95,47,48,48,0,12,4735.0,1569,784,785,785,0,27,74079.0,263,131,132,132,0,14,11677.0,1185,592,593,593,0,21,55593.0
15400,1567,783,784,784,0,21,74262.0,951,475,476,476,0,18,47040.0,1277,638,639,639,0,25,62843.0,1021,510,511,511,0,19,48317.0,747,373,374,374,0,19,34187.0,943,471,472,472,0,19,45052.0,501,250,251,251,0,17,25195.0,1177,588,589,589,0,24,58587.0,799,399,400,400,0,19,38250.0,605,302,303,303,0,17,29211.0,699,349,350,350,0,20,33183.0,1061,530,531,531,0,24,50420.0,1449,724,725,725,0,22,68653.0,363,181,182,182,0,15,17148.0,239,119,120,120,0,16,11385.0,779,389,390,390,0,16,37518.0,109,54,55,55,0,13,5355.0,1579,789,790,790,0,27,74624.0,273,136,137,137,0,14,12301.0,1195,597,598,598,0,21,56221.0
15500,1581,790,791,791,0,21,74861.0,967,483,484,484,0,18,47662.0,1291,645,646,646,0,25,63461.0,1029,514,515,515,0,19,48901.0,755,377,378,378,0,19,34815.0,957,478,479,479,0,19,45628.0,1,0,1,1,0,1,67.0,1185,592,593,593,0,24,59180.0,819,409,410,410,0,19,38871.0,617,308,309,309,0,17,29799.0,709,354,355,355,0,20,33784.0,1079,539,540,540,0,24,51041.0,1463,731,732,732,0,22,69311.0,377,188,189,189,0,15,17761.0,245,122,123,123,0,16,11970.0,799,399,400,400,0,17,38114.0,127,63,64,64,0,13,5969.0,1589,794,795,795,0,27,75235.0,287,143,144,144,0,14,12904.0,1205,602,603,603,0,21,56804.0
15600,1591,795,796,796,0,21,75474.0,987,493,494,494,0,18,48278.0,1309,654,655,655,0,25,64113.0,1043,521,522,522,0,19,49444.0,775,387,388,388,0,19,35404.0,969,484,485,485,0,19,46264.0,15,7,8,8,0,6,630.0,1199,599,600,600,0,24,59778.0,835,417,418,418,0,19,39460.0,637,318,319,319,0,18,30414.0,721,360,361,361,0,20,34378.0,1087,543,544,544,0,24,51626.0,1473,736,737,737,0,22,69898.0,387,193,194,194,0,15,18375.0,255,127,128,128,0,16,12569.0,813,406,407,407,0,17,38763.0,139,69,70,70,0,14,6549.0,1605,802,803,803,0,27,75821.0,295,147,148,148,0,14,13474.0,1227,613,614,614,0,21,57431.0
15700,1607,803,804,804,0,21,76074.0,1005,502,503,503,0,18,48876.0,1317,658,659,659,0,25,64730.0,1057,528,529,529,0,19,50011.0,785,392,393,393,0,19,36011.0,983,491,492,492,0,19,46837.0,25,12,13,13,0,8,1223.0,1211,605,606,606,0,24,60385.0,847,423,424,424,0,19,40067.0,657,328,329,329,0,18,31016.0,727,363,364,364,0,20,34939.0,1095,547,548,548,0,24,52216.0,1485,742,743,743,0,22,70496.0,411,205,206,206,0,16,19042.0,269,134,135,135,0,17,13191.0,825,412,413,413,0,17,39371.0,157,78,79,79,0,14,7175.0,1617,808,809,809,0,27,76381.0,311,155,156,156,0,14,14051.0,1237,618,619,619,0,21,58052.0
15800,605,302,303,303,0,17,30090.0,1013,506,507,507,0,18,49455.0,1325,662,663,663,0,25,65351.0,1069,534,535,535,0,19,50588.0,799,399,400,400,0,19,36640.0,999,499,500,500,0,19,47444.0,39,19,20,20,0,9,1811.0,1225,612,613,613,0,24,60979.0,853,426,427,427,0,19,40636.0,661,330,331,331,0,18,31560.0,741,370,371,371,0,20,35530.0,1107,553,554,554,0,24,52820.0,1513,756,757,757,0,22,71102.0,425,212,213,213,0,16,19632.0,277,138,139,139,0,17,13755.0,831,415,416,416,0,17,39958.0,169,84,85,85,0,14,7757.0,1629,814,815,815,0,27,76967.0,321,160,161,161,0,14,14648.0,1247,623,624,624,0,21,58622.0
15900,621,310,311,311,0,17,30737.0,1029,514,515,515,0,18,50046.0,1343,671,672,672,0,25,65938.0,1081,540,541,541,0,19,51220.0,819,409,410,410,0,19,37286.0,1013,506,507,507,0,19,48055.0,53,26,27,27,0,11,2417.0,1239,619,620,620,0,24,61597.0,863,431,432,432,0,20,41255.0,681,340,341,341,0,18,32156.0,753,376,377,377,0,20,36113.0,1115,557,558,558,0,24,53388.0,1527,763,764,764,0,22,71699.0,443,221,222,222,0,16,20204.0,283,141,142,142,0,17,14343.0,843,421,422,422,0,17,40591.0,181,90,91,91,0,14,8329.0,1641,820,821,821,0,27,77574.0,337,168,169,169,0,14,15233.0,1259,629,630,630,0,21,59206.0
16000,635,317,318,318,0,17,31353.0,1045,522,523,523,0,18,50615.0,1347,673,674,674,0,25,66514.0,1085,542,543,543,0,19,51772.0,831,415,416,416,0,19,37909.0,1021,510,511,511,0,19,48686.0,65,32,33,33,0,11,3039.0,1257,628,629,629,0,24,62191.0,869,434,435,435,0,20,41849.0,691,345,346,346,0,18,32711.0,759,379,380,380,0,20,36687.0,1133,566,567,567,0,24,54006.0,1545,772,773,773,0,22,72315.0,465,232,233,233,0,16,20807.0,299,149,150,150,0,17,14959.0,859,429,430,430,0,17,41219.0,197,98,99,99,0,15,8961.0,1651,825,826,826,0,28,78204.0,349,174,175,175,0,14,15821.0,1275,637,638,638,0,21,59776.0
16100,645,322,323,323,0,18,31937.0,1063,531,532,532,0,18,51232.0,239,119,120,120,0,15,11125.0,301,150,151,151,0,15,14919.0,849,424,425,425,0,19,38528.0,1039,519,520,520,0,19,49335.0,77,38,39,39,0,12,3646.0,1263,631,632,632,0,24,62750.0,881,440,441,441,0,20,42456.0,707,353,354,354,0,18,33292.0,777,388,389,389,0,20,37285.0,1145,572,573,573,0,25,54609.0,1551,775,776,776,0,22,72937.0,475,237,238,238,0,16,21374.0,319,159,160,160,0,17,15558.0,875,437,438,438,0,18,41812.0,207,103,104,104,0,15,9565.0,1661,830,831,831,0,28,78820.0,363,181,182,182,0,15,16428.0,1291,645,646,646,0,21,60381.0
16200,657,328,329,329,0,18,32505.0,1073,536,537,537,0,18,51807.0,249,124,125,125,0,16,11775.0,313,156,157,157,0,16,15560.0,865,432,433,433,0,19,39135.0,1049,524,525,525,0,19,49925.0,87,43,44,44,0,12,4263.0,1267,633,634,634,0,24,63340.0,897,448,449,449,0,20,43079.0,723,361,362,362,0,18,33915.0,787,393,394,394,0,20,37833.0,1157,578,579,579,0,25,55221.0,1565,782,783,783,0,22,73527.0,9,4,5,5,0,4,421.0,333,166,167,167,0,17,16149.0,883,441,442,442,0,18,42416.0,59,29,30,30,0,10,2761.0,1677,838,839,839,0,28,79392.0,375,187,188,188,0,15,17017.0,1315,657,658,658,0,22,60988.0
16300,675,337,338,338,0,18,33067.0,1083,541,542,542,0,18,52408.0,249,124,125,125,0,16,12399.0,323,161,162,162,0,16,16201.0,883,441,442,442,0,19,39726.0,1059,529,530,530,0,19,50525.0,97,48,49,49,0,12,4865.0,1285,642,643,643,0,24,63915.0,903,451,452,452,0,20,43642.0,733,366,367,367,0,18,34497.0,801,400,401,401,0,20,38471.0,1179,589,590,590,0,25,55818.0,1579,789,790,790,0,22,74116.0,25,12,13,13,0,7,995.0,339,169,170,170,0,17,16758.0,901,450,451,451,0,18,42998.0,73,36,37,37,0,11,3376.0,1689,844,845,845,0,28,80004.0,391,195,196,196,0,15,17609.0,1321,660,661,661,0,22,61574.0
16400,691,345,346,346,0,18,33650.0,1095,547,548,548,0,18,53025.0,257,128,129,129,0,16,12978.0,341,170,171,171,0,16,16821.0,899,449,450,450,0,20,40293.0,1069,534,535,535,0,19,51143.0,121,60,61,61,0,13,5475.0,1301,650,651,651,0,24,64548.0,913,456,457,457,0,20,44237.0,747,373,374,374,0,18,35059.0,817,408,409,409,0,20,39034.0,1187,593,594,594,0,25,56401.0,1595,797,798,798,0,22,74716.0,41,20,21,21,0,9,1548.0,41,20,21,21,0,8,1759.0,915,457,458,458,0,18,43578.0,77,38,39,39,0,11,3974.0,1711,855,856,856,0,28,80593.0,401,200,201,201,0,15,18235.0,1333,666,667,667,0,22,62187.0
16500,705,352,353,353,0,18,34294.0,1,0,1,1,0,1,39.0,273,136,137,137,0,16,13587.0,355,177,178,178,0,16,17421.0,909,454,455,455,0,20,40913.0,1075,537,538,538,0,19,51757.0,139,69,70,70,0,13,6096.0,1313,656,657,657,0,24,65088.0,921,460,461,461,0,20,44835.0,761,380,381,381,0,18,35648.0,827,413,414,414,0,20,39670.0,1205,602,603,603,0,25,57020.0,1601,800,801,801,0,22,75330.0,55,27,28,28,0,10,2145.0,53,26,27,27,0,8,2349.0,927,463,464,464,0,18,44156.0,101,50,51,51,0,12,4591.0,1719,859,860,860,0,28,81171.0,409,204,205,205,0,16,18793.0,1347,673,674,674,0,22,62780.0
16600,715,357,358,358,0,18,34901.0,15,7,8,8,0,6,666.0,283,141,142,142,0,16,14171.0,373,186,187,187,0,16,18016.0,923,461,462,462,0,20,41478.0,1083,541,542,542,0,19,52305.0,149,74,75,75,0,14,6681.0,1331,665,666,666,0,24,65718.0,923,461,462,462,0,20,45446.0,769,384,385,385,0,18,36276.0,839,419,420,420,0,20,40269.0,1213,606,607,607,0,25,57547.0,1611,805,806,806,0,22,75988.0,63,31,32,32,0,10,2744.0,67,33,34,34,0,9,2913.0,937,468,469,469,0,18,44709.0,119,59,60,60,0,13,5205.0,1735,867,868,868,0,28,81745.0,421,210,211,211,0,16,19401.0,1355,677,678,678,0,22,63371.0
16700,727,363,364,364,0,18,35510.0,25,12,13,13,0,7,1284.0,299,149,150,150,0,16,14773.0,385,192,193,193,0,16,18631.0,937,468,469,469,0,20,42105.0,1093,546,547,547,0,19,52923.0,157,78,79,79,0,14,7277.0,1349,674,675,675,0,24,66313.0,927,463,464,464,0,20,46028.0,775,387,388,388,0,18,36898.0,857,428,429,429,0,20,40872.0,1231,615,616,616,0,25,58153.0,1617,808,809,809,0,22,76598.0,79,39,40,40,0,11,3379.0,79,39,40,40,0,9,3500.0,945,472,473,473,0,18,45365.0,131,65,66,66,0,13,5766.0,1743,871,872,872,0,28,82331.0,433,216,217,217,0,16,20030.0,1365,682,683,683,0,22,63935.0
16800,741,370,371,371,0,18,36129.0,43,21,22,22,0,9,1899.0,303,151,152,152,0,16,15401.0,395,197,198,198,0,17,19260.0,953,476,477,477,0,20,42691.0,1099,549,550,550,0,19,53507.0,171,85,86,86,0,14,7881.0,177,88,89,89,0,14,8757.0,939,469,470,470,0,20,46619.0,787,393,394,394,0,18,37495.0,881,440,441,441,0,20,41517.0,1247,623,624,624,0,25,58764.0,1631,815,816,816,0,22,77188.0,43,21,22,22,0,9,1936.0,89,44,45,45,0,10,4099.0,963,481,482,482,0,18,45986.0,141,70,71,71,0,13,6380.0,1757,878,879,879,0,28,82917.0,439,219,220,220,0,16,20623.0,1379,689,690,690,0,22,64559.0
16900,745,372,373,373,0,18,36740.0,57,28,29,29,0,10,2484.0,317,158,159,159,0,16,15978.0,407,203,204,204,0,17,19836.0,965,482,483,483,0,20,43321.0,1115,557,558,558,0,19,54096.0,181,90,91,91,0,15,8467.0,189,94,95,95,0,14,9359.0,951,475,476,476,0,20,47242.0,809,404,405,405,0,18,38065.0,891,445,446,446,0,20,42126.0,1255,627,628,628,0,25,59392.0,1643,821,822,822,0,22,77763.0,63,31,32,32,0,11,2538.0,109,54,55,55,0,10,4632.0,979,489,490,490,0,18,46571.0,159,79,80,80,0,13,6953.0,1767,883,884,884,0,28,83512.0,455,227,228,228,0,16,21239.0,1391,695,696,696,0,22,65181.0
17000,759,379,380,380,0,18,37358.0,69,34,35,35,0,11,3081.0,331,165,166,166,0,16,16570.0,427,213,214,214,0,17,20380.0,979,489,490,490,0,20,43966.0,1139,569,570,570,0,19,54704.0,197,98,99,99,0,15,9060.0,201,100,101,101,0,15,10017.0,967,483,484,484,0,20,47805.0,821,410,411,411,0,18,38625.0,905,452,453,453,0,20,42754.0,1269,634,635,635,0,25,59980.0,1647,823,824,824,0,22,78395.0,73,36,37,37,0,12,3158.0,123,61,62,62,0,10,5240.0,999,499,500,500,0,18,47119.0,167,83,84,84,0,13,7548.0,1781,890,891,891,0,28,84109.0,463,231,232,232,0,17,21808.0,1403,701,702,702,0,22,65837.0
17100,763,381,382,382,0,18,37967.0,83,41,42,42,0,11,3682.0,343,171,172,172,0,16,17145.0,439,219,220,220,0,17,20993.0,981,490,491,491,0,20,44597.0,1143,571,572,572,0,19,55310.0,67,33,34,34,0,9,3095.0,223,111,112,112,0,15,10591.0,985,492,493,493,0,20,48396.0,831,415,416,416,0,18,39188.0,925,462,463,463,0,20,43359.0,69,34,35,35,0,10,3269.0,1659,829,830,830,0,22,79002.0,83,41,42,42,0,12,3756.0,133,66,67,67,0,10,5872.0,1019,509,510,510,0,18,47698.0,175,87,88,88,0,13,8142.0,1787,893,894,894,0,28,84720.0,475,237,238,238,0,17,22417.0,1425,712,713,713,0,22,66389.0
17200,781,390,391,391,0,18,38530.0,99,49,50,50,0,11,4286.0,347,173,174,174,0,16,17726.0,457,228,229,229,0,17,21552.0,999,499,500,500,0,20,45186.0,1163,581,582,582,0,19,55941.0,81,40,41,41,0,10,3725.0,235,117,118,118,0,15,11207.0,991,495,496,496,0,20,48993.0,839,419,420,420,0,18,39811.0,931,465,466,466,0,20,43970.0,83,41,42,42,0,10,3867.0,1667,833,834,834,0,22,79611.0,99,49,50,50,0,13,4355.0,145,72,73,73,0,10,6457.0,1033,516,517,517,0,18,48320.0,187,93,94,94,0,13,8731.0,1799,899,900,900,0,28,85348.0,489,244,245,245,0,17,22973.0,1435,717,718,718,0,22,66977.0
17300,795,397,398,398,0,18,39151.0,109,54,55,55,0,12,4875.0,355,177,178,178,0,16,18311.0,467,233,234,234,0,17,22148.0,1005,502,503,503,0,20,45759.0,1173,586,587,587,0,19,56546.0,89,44,45,45,0,10,4340.0,247,123,124,124,0,15,11803.0,1011,505,506,506,0,20,49573.0,859,429,430,430,0,18,40410.0,939,469,470,470,0,20,44545.0,85,42,43,43,0,11,4481.0,1683,841,842,842,0,22,80236.0,115,57,58,58,0,13,4947.0,155,77,78,78,0,10,7070.0,1045,522,523,523,0,18,48916.0,191,95,96,96,0,13,9300.0,1809,904,905,905,0,28,85961.0,505,252,253,253,0,18,23591.0,1451,725,726,726,0,22,67572.0
17400,809,404,405,405,0,18,39725.0,117,58,59,59,0,12,5468.0,369,184,185,185,0,16,18939.0,469,234,235,235,0,17,22731.0,1019,509,510,510,0,20,46371.0,1187,593,594,594,0,19,57109.0,103,51,52,52,0,10,4924.0,257,128,129,129,0,15,12408.0,1019,509,510,510,0,20,50139.0,871,435,436,436,0,18,41007.0,951,475,476,476,0,20,45132.0,93,46,47,47,0,11,5032.0,1699,849,850,850,0,23,80829.0,127,63,64,64,0,13,5567.0,163,81,82,82,0,11,7721.0,1059,529,530,530,0,18,49507.0,203,101,102,102,0,14,9934.0,1815,907,908,908,0,28,86572.0,517,258,259,259,0,18,24202.0,1467,733,734,734,0,22,68163.0
17500,815,407,408,408,0,18,40295.0,133,66,67,67,0,13,6095.0,395,197,198,198,0,16,19518.0,479,239,240,240,0,17,23349.0,1029,514,515,515,0,20,46987.0,1193,596,597,597,0,19,57721.0,119,59,60,60,0,11,5534.0,265,132,133,133,0,16,13025.0,1029,514,515,515,0,20,50713.0,879,439,440,440,0,18,41604.0,973,486,487,487,0,20,45754.0,111,55,56,56,0,12,5603.0,1717,858,859,859,0,23,81440.0,139,69,70,70,0,14,6159.0,183,91,92,92,0,11,8348.0,1069,534,535,535,0,18,50114.0,221,110,111,111,0,14,10558.0,1827,913,914,914,0,28,87148.0,529,264,265,265,0,18,24821.0,1481,740,741,741,0,22,68766.0
17600,825,412,413,413,0,18,40902.0,145,72,73,73,0,14,6680.0,405,202,203,203,0,16,20129.0,485,242,243,243,0,17,23965.0,1039,519,520,520,0,20,47573.0,1199,599,600,600,0,19,58327.0,135,67,68,68,0,11,6122.0,279,139,140,140,0,16,13659.0,1043,521,522,522,0,21,51319.0,889,444,445,445,0,18,42225.0,981,490,491,491,0,20,46342.0,125,62,63,63,0,12,6180.0,1735,867,868,868,0,23,82043.0,145,72,73,73,0,14,6729.0,191,95,96,96,0,11,8975.0,1075,537,538,538,0,18,50766.0,235,117,118,118,0,14,11162.0,1839,919,920,920,0,28,87745.0,545,272,273,273,0,18,25408.0,1489,744,745,745,0,22,69327.0
17700,835,417,418,418,0,18,41483.0,153,76,77,77,0,14,7254.0,415,207,208,208,0,16,20734.0,497,248,249,249,0,18,24569.0,1051,525,526,526,0,20,48211.0,1213,606,607,607,0,19,58907.0,137,68,69,69,0,11,6737.0,293,146,147,147,0,16,14243.0,1055,527,528,528,0,21,51891.0,901,450,451,451,0,18,42828.0,987,493,494,494,0,20,46917.0,131,65,66,66,0,12,6803.0,1753,876,877,877,0,23,82684.0,169,84,85,85,0,14,7355.0,211,105,106,106,0,12,9612.0,1085,542,543,543,0,18,51383.0,247,123,124,124,0,14,11741.0,1857,928,929,929,0,28,88362.0,549,274,275,275,0,18,26033.0,1501,750,751,751,0,22,69920.0
17800,843,421,422,422,0,18,42136.0,169,84,85,85,0,14,7834.0,427,213,214,214,0,16,21338.0,513,256,257,257,0,18,25160.0,1063,531,532,532,0,20,48839.0,1229,614,615,615,0,20,59514.0,151,75,76,76,0,11,7354.0,315,157,158,158,0,17,14899.0,1061,530,531,531,0,21,52464.0,907,453,454,454,0,18,43438.0,999,499,500,500,0,20,47509.0,141,70,71,71,0,13,7444.0,1755,877,878,878,0,23,83271.0,175,87,88,88,0,15,7932.0,217,108,109,109,0,12,10207.0,1095,547,548,548,0,18,51968.0,259,129,130,130,0,14,12375.0,1873,936,937,937,0,28,88976.0,559,279,280,280,0,18,26608.0,1517,758,759,759,0,22,70551.0
17900,853,426,427,427,0,18,42736.0,183,91,92,92,0,15,8454.0,441,220,221,221,0,16,21893.0,523,261,262,262,0,18,25775.0,1075,537,538,538,0,20,49420.0,1239,619,620,620,0,20,60112.0,159,79,80,80,0,11,7970.0,325,162,163,163,0,17,15530.0,1073,536,537,537,0,21,53101.0,921,460,461,461,0,18,44015.0,1011,505,506,506,0,20,48080.0,151,75,76,76,0,13,8032.0,1775,887,888,888,0,23,83857.0,181,90,91,91,0,15,8540.0,229,114,115,115,0,12,10771.0,1105,552,553,553,0,18,52543.0,271,135,136,136,0,15,12934.0,1893,946,947,947,0,28,89572.0,577,288,289,289,0,19,27213.0,1527,763,764,764,0,22,71184.0
18000,869,434,435,435,0,19,43336.0,195,97,98,98,0,15,9035.0,457,228,229,229,0,16,22493.0,529,264,265,265,0,18,26436.0,1083,541,542,542,0,20,50016.0,1245,622,623,623,0,20,60738.0,179,89,90,90,0,12,8550.0,341,170,171,171,0,17,16108.0,1083,541,542,542,0,21,53685.0,929,464,465,465,0,18,44601.0,1023,511,512,512,0,20,48651.0,163,81,82,82,0,14,8635.0,1777,888,889,889,0,23,84479.0,191,95,96,96,0,15,9119.0,239,119,120,120,0,12,11369.0,1117,558,559,559,0,18,53175.0,287,143,144,144,0,15,13508.0,1907,953,954,954,0,28,90183.0,593,296,297,297,0,19,27821.0,1543,771,772,772,0,22,71810.0
18100,881,440,441,441,0,19,43921.0,197,98,99,99,0,15,9659.0,469,234,235,235,0,16,23112.0,545,272,273,273,0,18,27117.0,1097,548,549,549,0,20,50600.0,1259,629,630,630,0,20,61398.0,193,96,97,97,0,12,9178.0,355,177,178,178,0,17,16705.0,1095,547,548,548,0,21,54267.0,949,474,475,475,0,18,45180.0,1037,518,519,519,0,20,49228.0,175,87,88,88,0,14,9260.0,1793,896,897,897,0,23,85092.0,211,105,106,106,0,16,9701.0,251,125,126,126,0,12,11935.0,1133,566,567,567,0,18,53759.0,299,149,150,150,0,15,14123.0,1921,960,961,961,0,28,90770.0,603,301,302,302,0,19,28420.0,1559,779,780,780,0,22,72434.0
18200,893,446,447,447,0,19,44552.0,213,106,107,107,0,15,10255.0,481,240,241,241,0,16,23655.0,559,279,280,280,0,18,27706.0,1109,554,555,555,0,20,51227.0,1275,637,638,638,0,20,62000.0,201,100,101,101,0,12,9778.0,369,184,185,185,0,17,17317.0,1107,553,554,554,0,21,54863.0,961,480,481,481,0,18,45786.0,67,33,34,34,0,11,3735.0,181,90,91,91,0,14,9813.0,1807,903,904,904,0,23,85712.0,223,111,112,112,0,16,10337.0,255,127,128,128,0,12,12522.0,1141,570,571,571,0,18,54354.0,313,156,157,157,0,15,14755.0,1937,968,969,969,0,28,91339.0,615,307,308,308,0,19,28997.0,1565,782,783,783,0,22,73048.0
18300,911,455,456,456,0,19,45159.0,1,0,1,1,0,1,74.0,493,246,247,247,0,16,24240.0,567,283,284,284,0,18,28238.0,1125,562,563,563,0,20,51810.0,1293,646,647,647,0,20,62595.0,211,105,106,106,0,13,10374.0,383,191,192,192,0,17,17912.0,1123,561,562,562,0,21,55466.0,973,486,487,487,0,18,46439.0,81,40,41,41,0,12,4350.0,201,100,101,101,0,15,10360.0,1815,907,908,908,0,23,86311.0,237,118,119,119,0,16,10921.0,273,136,137,137,0,12,13125.0,1149,574,575,575,0,18,54931.0,329,164,165,165,0,15,15358.0,1953,976,977,977,0,29,91937.0,633,316,317,317,0,19,29607.0,1571,785,786,786,0,22,73627.0
18400,925,462,463,463,0,19,45760.0,11,5,6,6,0,5,670.0,501,250,251,251,0,16,24851.0,583,291,292,292,0,18,28817.0,1137,568,569,569,0,20,52449.0,1319,659,660,660,0,20,63209.0,223,111,112,112,0,13,10989.0,397,198,199,199,0,17,18545.0,1139,569,570,570,0,21,56036.0,981,490,491,491,0,18,47011.0,97,48,49,49,0,12,4953.0,219,109,110,110,0,15,10974.0,1821,910,911,911,0,23,86922.0,249,124,125,125,0,16,11519.0,281,140,141,141,0,12,13762.0,1163,581,582,582,0,18,55559.0,337,168,169,169,0,15,15981.0,1965,982,983,983,0,29,92550.0,641,320,321,321,0,19,30218.0,1587,793,794,794,0,22,74242.0
18500,939,469,470,470,0,19,46332.0,23,11,12,12,0,7,1237.0,513,256,257,257,0,16,25454.0,593,296,297,297,0,18,29422.0,1151,575,576,576,0,20,53054.0,1331,665,666,666,0,20,63822.0,231,115,116,116,0,13,11576.0,407,203,204,204,0,17,19153.0,1151,575,576,576,0,21,56594.0,989,494,495,495,0,18,47574.0,107,53,54,54,0,13,5606.0,229,114,115,115,0,15,11604.0,1825,912,913,913,0,23,87530.0,263,131,132,132,0,17,12098.0,297,148,149,149,0,13,14333.0,1169,584,585,585,0,18,56182.0,353,176,177,177,0,15,16568.0,1973,986,987,987,0,29,93129.0,657,328,329,329,0,19,30845.0,1597,798,799,799,0,22,74836.0
18600,955,477,478,478,0,19,46921.0,45,22,23,23,0,9,1838.0,533,266,267,267,0,16,26057.0,611,305,306,306,0,18,29985.0,1167,583,584,584,0,20,53651.0,1345,672,673,673,0,20,64418.0,239,119,120,120,0,13,12147.0,419,209,210,210,0,18,19785.0,1157,578,579,579,0,21,57168.0,1007,503,504,504,0,19,48193.0,125,62,63,63,0,13,6236.0,241,120,121,121,0,15,12202.0,1839,919,920,920,0,23,88174.0,275,137,138,138,0,17,12687.0,23,11,12,12,0,6,1236.0,1189,594,595,595,0,18,56792.0,357,178,179,179,0,15,17156.0,1981,990,991,991,0,29,93765.0,675,337,338,338,0,19,31456.0,1611,805,806,806,0,22,75428.0
18700,975,487,488,488,0,19,47563.0,53,26,27,27,0,10,2436.0,537,268,269,269,0,16,26680.0,627,313,314,314,0,19,30579.0,1181,590,591,591,0,21,54228.0,1359,679,680,680,0,20,64978.0,255,127,128,128,0,14,12774.0,423,211,212,212,0,18,20380.0,1179,589,590,590,0,21,57779.0,1019,509,510,510,0,19,48761.0,133,66,67,67,0,13,6781.0,249,124,125,125,0,15,12786.0,1851,925,926,926,0,23,88786.0,285,142,143,143,0,17,13260.0,35,17,18,18,0,7,1824.0,1207,603,604,604,0,18,57355.0,367,183,184,184,0,16,17746.0,1989,994,995,995,0,29,94356.0,687,343,344,344,0,19,32048.0,1621,810,811,811,0,22,76028.0
18800,983,491,492,492,0,19,48178.0,73,36,37,37,0,11,3069.0,551,275,276,276,0,17,27271.0,633,316,317,317,0,19,31163.0,1189,594,595,595,0,21,54844.0,1371,685,686,686,0,20,65572.0,267,133,134,134,0,14,13346.0,433,216,217,217,0,18,20973.0,1183,591,592,592,0,21,58369.0,1041,520,521,521,0,19,49430.0,141,70,71,71,0,13,7389.0,271,135,136,136,0,16,13365.0,1857,928,929,929,0,23,89371.0,293,146,147,147,0,17,13870.0,49,24,25,25,0,8,2455.0,1211,605,606,606,0,18,57969.0,379,189,190,190,0,16,18364.0,2003,1001,1002,1002,0,29,94986.0,695,347,348,348,0,19,32609.0,1629,814,815,815,0,22,76573.0
18900,1001,500,501,501,0,19,48775.0,87,43,44,44,0,12,3655.0,575,287,288,288,0,17,27891.0,643,321,322,322,0,19,31745.0,1207,603,604,604,0,21,55432.0,1381,690,691,691,0,20,66161.0,279,139,140,140,0,14,13960.0,447,223,224,224,0,18,21560.0,1195,597,598,598,0,21,58963.0,1059,529,530,530,0,19,50057.0,151,75,76,76,0,13,8002.0,279,139,140,140,0,16,14000.0,1867,933,934,934,0,23,89990.0,299,149,150,150,0,17,14483.0,71,35,36,36,0,9,3036.0,1225,612,613,613,0,18,58548.0,387,193,194,194,0,16,18979.0,2017,1008,1009,1009,0,29,95653.0,711,355,356,356,0,19,33241.0,1645,822,823,823,0,22,77159.0
19000,1009,504,505,505,0,19,49389.0,89,44,45,45,0,12,4275.0,589,294,295,295,0,17,28510.0,661,330,331,331,0,19,32359.0,1217,608,609,609,0,21,56056.0,1395,697,698,698,0,20,66750.0,293,146,147,147,0,14,14593.0,459,229,230,230,0,18,22202.0,1207,603,604,604,0,21,59517.0,1071,535,536,536,0,19,50674.0,169,84,85,85,0,14,8573.0,289,144,145,145,0,16,14569.0,1875,937,938,938,0,23,90584.0,311,155,156,156,0,17,15073.0,83,41,42,42,0,10,3637.0,1235,617,618,618,0,18,59118.0,401,200,201,201,0,16,19567.0,2027,1013,1014,1014,0,29,96264.0,723,361,362,362,0,19,33859.0,1661,830,831,831,0,22,77790.0
19100,1021,510,511,511,0,19,49963.0,105,52,53,53,0,13,4886.0,595,297,298,298,0,17,29139.0,673,336,337,337,0,19,32949.0,1219,609,610,610,0,21,56620.0,1409,704,705,705,0,20,67337.0,307,153,154,154,0,14,15160.0,469,234,235,235,0,18,22795.0,1225,612,613,613,0,21,60092.0,99,49,50,50,0,11,4787.0,183,91,92,92,0,14,9172.0,309,154,155,155,0,16,15194.0,1885,942,943,943,0,23,91221.0,327,163,164,164,0,17,15655.0,93,46,47,47,0,11,4278.0,1251,625,626,626,0,18,59693.0,409,204,205,205,0,16,20139.0,2037,1018,1019,1019,0,29,96845.0,739,369,370,370,0,20,34492.0,1675,837,838,838,0,22,78389.0
19200,1023,511,512,512,0,19,50586.0,113,56,57,57,0,14,5498.0,609,304,305,305,0,17,29733.0,683,341,342,342,0,19,33553.0,1239,619,620,620,0,21,57199.0,1425,712,713,713,0,20,67911.0,319,159,160,160,0,14,15754.0,485,242,243,243,0,18,23425.0,1233,616,617,617,0,21,60704.0,111,55,56,56,0,11,5359.0,195,97,98,98,0,14,9747.0,319,159,160,160,0,16,15769.0,1897,948,949,949,0,23,91779.0,343,171,172,172,0,17,16236.0,103,51,52,52,0,11,4879.0,1257,628,629,629,0,18,60305.0,427,213,214,214,0,16,20773.0,2047,1023,1024,1024,0,29,97447.0,747,373,374,374,0,20,35073.0,1687,843,844,844,0,22,78967.0
19300,1031,515,516,516,0,19,51160.0,127,63,64,64,0,14,6095.0,623,311,312,312,0,17,30361.0,693,346,347,347,0,19,34183.0,1259,629,630,630,0,21,57759.0,1433,716,717,717,0,20,68494.0,335,167,168,168,0,14,16340.0,501,250,251,251,0,18,24024.0,1255,627,628,628,0,21,61299.0,121,60,61,61,0,11,5959.0,209,104,105,105,0,14,10381.0,321,160,161,161,0,16,16356.0,1917,958,959,959,0,23,92392.0,353,176,177,177,0,17,16842.0,113,56,57,57,0,11,5470.0,1267,633,634,634,0,18,60885.0,441,220,221,221,0,16,21393.0,2059,1029,1030,1030,0,29,98067.0,763,381,382,382,0,20,35678.0,1693,846,847,847,0,22,79584.0
19400,1041,520,521,521,0,19,51752.0,135,67,68,68,0,14,6703.0,631,315,316,316,0,17,30945.0,701,350,351,351,0,19,34785.0,1271,635,636,636,0,21,58347.0,1451,725,726,726,0,20,69081.0,353,176,177,177,0,15,16914.0,521,260,261,261,0,18,24594.0,1261,630,631,631,0,21,61890.0,133,66,67,67,0,12,6546.0,229,114,115,115,0,15,10990.0,331,165,166,166,0,16,16954.0,1929,964,965,965,0,23,92984.0,371,185,186,186,0,17,17426.0,127,63,64,64,0,12,6040.0,1277,638,639,639,0,18,61524.0,447,223,224,224,0,16,21995.0,2071,1035,1036,1036,0,29,98682.0,773,386,387,387,0,20,36252.0,1705,852,853,853,0,22,80206.0
19500,1055,527,528,528,0,19,52351.0,151,75,76,76,0,15,7350.0,639,319,320,320,0,17,31528.0,709,354,355,355,0,19,35383.0,1285,642,643,643,0,21,58928.0,1467,733,734,734,0,20,69695.0,357,178,179,179,0,15,17496.0,529,264,265,265,0,18,25182.0,1277,638,639,639,0,21,62463.0,141,70,71,71,0,12,7148.0,231,115,116,116,0,15,11588.0,347,173,174,174,0,16,17540.0,1947,973,974,974,0,23,93587.0,383,191,192,192,0,18,17981.0,147,73,74,74,0,12,6649.0,89,44,45,45,0,10,3921.0,461,230,231,231,0,16,22568.0,2083,1041,1042,1042,0,29,99294.0,781,390,391,391,0,20,36834.0,1717,858,859,859,0,22,80797.0
19600,1071,535,536,536,0,19,52925.0,163,81,82,82,0,15,7946.0,645,322,323,323,0,17,32141.0,729,364,365,365,0,19,35961.0,1301,650,651,651,0,21,59517.0,1483,741,742,742,0,20,70308.0,367,183,184,184,0,15,18098.0,541,270,271,271,0,18,25771.0,1285,642,643,643,0,21,63045.0,153,76,77,77,0,12,7739.0,239,119,120,120,0,15,12149.0,351,175,176,176,0,16,18145.0,1963,981,982,982,0,23,94217.0,403,201,202,202,0,18,18590.0,151,75,76,76,0,12,7267.0,103,51,52,52,0,10,4525.0,473,236,237,237,0,17,23162.0,2095,1047,1048,1048,0,29,99885.0,795,397,398,398,0,20,37414.0,1729,864,865,865,0,22,81404.0
19700,1079,539,540,540,0,19,53556.0,177,88,89,89,0,15,8527.0,665,332,333,333,0,17,32775.0,743,371,372,372,0,20,36581.0,1319,659,660,660,0,21,60127.0,1489,744,745,745,0,20,70888.0,385,192,193,193,0,15,18667.0,555,277,278,278,0,18,26410.0,1299,649,650,650,0,21,63613.0,165,82,83,83,0,13,8318.0,251,125,126,126,0,15,12755.0,359,179,180,180,0,16,18748.0,1973,986,987,987,0,23,94783.0,411,205,206,206,0,18,19167.0,161,80,81,81,0,13,7842.0,111,55,56,56,0,10,5099.0,483,241,242,242,0,17,23758.0,2113,1056,1057,1057,0,29,100497.0,801,400,401,401,0,20,38006.0,1747,873,874,874,0,22,82015.0
19800,1095,547,548,548,0,19,54163.0,185,92,93,93,0,15,9139.0,681,340,341,341,0,18,33395.0,759,379,380,380,0,20,37177.0,1325,662,663,663,0,21,60749.0,1497,748,749,749,0,20,71478.0,393,196,197,197,0,15,19273.0,577,288,289,289,0,18,27006.0,1315,657,658,658,0,21,64181.0,181,90,91,91,0,13,8928.0,263,131,132,132,0,15,13354.0,371,185,186,186,0,16,19345.0,1981,990,991,991,0,23,95386.0,421,210,211,211,0,18,19772.0,169,84,85,85,0,13,8437.0,123,61,62,62,0,10,5698.0,499,249,250,250,0,17,24347.0,2121,1060,1061,1061,0,29,101076.0,807,403,404,404,0,20,38620.0,1755,877,878,878,0,22,82649.0
19900,1117,558,559,559,0,19,54768.0,197,98,99,99,0,15,9736.0,693,346,347,347,0,18,34035.0,765,382,383,383,0,20,37766.0,1333,666,667,667,0,21,61348.0,1515,757,758,758,0,20,72079.0,407,203,204,204,0,15,19918.0,589,294,295,295,0,18,27593.0,1325,662,663,663,0,21,64783.0,201,100,101,101,0,13,9551.0,273,136,137,137,0,15,13989.0,377,188,189,189,0,16,19968.0,1987,993,994,994,0,23,95957.0,429,214,215,215,0,18,20343.0,183,91,92,92,0,13,9039.0,139,69,70,70,0,11,6274.0,505,252,253,253,0,17,24945.0,2137,1068,1069,1069,0,29,101684.0,811,405,406,406,0,20,39208.0,1771,885,886,886,0,22,83260.0
20000,1137,568,569,569,0,19,55369.0,207,103,104,104,0,15,10377.0,699,349,350,350,0,18,34645.0,779,389,390,390,0,20,38347.0,1347,673,674,674,0,21,61960.0,1523,761,762,762,0,20,72639.0,427,213,214,214,0,15,20522.0,599,299,300,300,0,18,28173.0,1337,668,669,669,0,21,65385.0,205,102,103,103,0,14,10150.0,277,138,139,139,0,15,14560.0,381,190,191,191,0,16,20522.0,1995,997,998,998,0,23,96528.0,445,222,223,223,0,18,20934.0,205,102,103,103,0,14,9669.0,153,76,77,77,0,11,6882.0,515,257,258,258,0,17,25555.0,2155,1077,1078,1078,0,29,102309.0,831,415,416,416,0,20,39828.0,1791,895,896,896,0,22,83869.0
20100,1145,572,573,573,0,19,55947.0,77,38,39,39,0,10,3394.0,707,353,354,354,0,18,35256.0,793,396,397,397,0,20,38983.0,1351,675,676,676,0,21,62569.0,1541,770,771,771,0,20,73244.0,437,218,219,219,0,15,21132.0,607,303,304,304,0,18,28733.0,1359,679,680,680,0,21,65987.0,223,111,112,112,0,14,10750.0,293,146,147,147,0,15,15188.0,399,199,200,200,0,16,21111.0,2011,1005,1006,1006,0,23,97110.0,463,231,232,232,0,18,21525.0,219,109,110,110,0,14,10273.0,167,83,84,84,0,11,7448.0,521,260,261,261,0,17,26179.0,2175,1087,1088,1088,0,29,102934.0,235,117,118,118,0,13,10520.0,1805,902,903,903,0,22,84496.0
20200,1157,578,579,579,0,19,56530.0,87,43,44,44,0,11,4013.0,715,357,358,358,0,18,35838.0,801,400,401,401,0,20,39594.0,1375,687,688,688,0,21,63186.0,1553,776,777,777,0,20,73861.0,449,224,225,225,0,15,21756.0,615,307,308,308,0,18,29307.0,1377,688,689,689,0,21,66601.0,231,115,116,116,0,14,11356.0,313,156,157,157,0,15,15830.0,417,208,209,209,0,16,21741.0,2017,1008,1009,1009,0,23,97683.0,477,238,239,239,0,18,22124.0,233,116,117,117,0,14,10850.0,171,85,86,86,0,11,8000.0,533,266,267,267,0,17,26801.0,2187,1093,1094,1094,0,30,103505.0,245,122,123,123,0,13,11102.0,1817,908,909,909,0,22,85094.0
20300,1167,583,584,584,0,19,57145.0,103,51,52,52,0,11,4647.0,731,365,366,366,0,18,36444.0,807,403,404,404,0,20,40219.0,1385,692,693,693,0,21,63779.0,1573,786,787,787,0,20,74479.0,467,233,234,234,0,16,22358.0,625,312,313,313,0,19,29862.0,1395,697,698,698,0,21,67224.0,239,119,120,120,0,14,11998.0,329,164,165,165,0,15,16440.0,423,211,212,212,0,17,22322.0,2033,1016,1017,1017,0,23,98279.0,485,242,243,243,0,18,22673.0,245,122,123,123,0,14,11449.0,187,93,94,94,0,12,8590.0,545,272,273,273,0,17,27369.0,2199,1099,1100,1100,0,30,104122.0,261,130,131,131,0,13,11706.0,1835,917,918,918,0,22,85682.0
20400,1173,586,587,587,0,19,57738.0,117,58,59,59,0,12,5248.0,739,369,370,370,0,18,37041.0,815,407,408,408,0,21,40796.0,1401,700,701,701,0,21,64316.0,1585,792,793,793,0,20,75073.0,481,240,241,241,0,16,22943.0,637,318,319,319,0,19,30478.0,1405,702,703,703,0,21,67830.0,261,130,131,131,0,15,12638.0,345,172,173,173,0,15,17055.0,435,217,218,218,0,17,22888.0,2051,1025,1026,1026,0,23,98885.0,495,247,248,248,0,18,23277.0,253,126,127,127,0,14,12044.0,207,103,104,104,0,12,9160.0,569,284,285,285,0,18,27917.0,2219,1109,1110,1110,0,30,104743.0,273,136,137,137,0,13,12288.0,1843,921,922,922,0,22,86283.0
20500,1183,591,592,592,0,19,58362.0,133,66,67,67,0,12,5843.0,749,374,375,375,0,18,37633.0,833,416,417,417,0,21,41417.0,1407,703,704,704,0,21,64907.0,1607,803,804,804,0,20,75720.0,489,244,245,245,0,16,23569.0,647,323,324,324,0,19,31048.0,1413,706,707,707,0,21,68429.0,275,137,138,138,0,15,13243.0,353,176,177,177,0,16,17634.0,445,222,223,223,0,17,23488.0,2067,1033,1034,1034,0,23,99515.0,509,254,255,255,0,18,23817.0,265,132,133,133,0,15,12628.0,215,107,108,108,0,12,9792.0,581,290,291,291,0,18,28496.0,2235,1117,1118,1118,0,30,105372.0,283,141,142,142,0,13,12901.0,1855,927,928,928,0,22,86877.0
20600,1199,599,600,600,0,19,58990.0,143,71,72,72,0,13,6427.0,763,381,382,382,0,18,38223.0,843,421,422,422,0,21,42013.0,287,143,144,144,0,15,12991.0,1619,809,810,810,0,20,76354.0,501,250,251,251,0,16,24202.0,657,328,329,329,0,19,31661.0,1425,712,713,713,0,21,69002.0,285,142,143,143,0,15,13843.0,363,181,182,182,0,16,18234.0,461,230,231,231,0,17,24065.0,2077,1038,1039,1039,0,23,100103.0,517,258,259,259,0,18,24444.0,285,142,143,143,0,15,13163.0,229,114,115,115,0,13,10425.0,599,299,300,300,0,18,29088.0,2247,1123,1124,1124,0,30,105977.0,297,148,149,149,0,14,13513.0,1875,937,938,938,0,22,87459.0
20700,1219,609,610,610,0,19,59618.0,153,76,77,77,0,14,7064.0,779,389,390,390,0,18,38806.0,847,423,424,424,0,21,42592.0,297,148,149,149,0,15,13565.0,1633,816,817,817,0,20,76964.0,509,254,255,255,0,16,24819.0,671,335,336,336,0,19,32280.0,1437,718,719,719,0,21,69594.0,297,148,149,149,0,15,14474.0,375,187,188,188,0,16,18840.0,477,238,239,239,0,17,24633.0,2089,1044,1045,1045,0,23,100696.0,531,265,266,266,0,18,25009.0,293,146,147,147,0,15,13777.0,243,121,122,122,0,13,11015.0,611,305,306,306,0,18,29683.0,2261,1130,1131,1131,0,30,106575.0,313,156,157,157,0,14,14117.0,1893,946,947,947,0,22,88052.0
20800,1227,613,614,614,0,19,60235.0,167,83,84,84,0,14,7635.0,791,395,396,396,0,18,39390.0,865,432,433,433,0,21,43202.0,305,152,153,153,0,15,14162.0,1639,819,820,820,0,20,77585.0,525,262,263,263,0,16,25397.0,675,337,338,338,0,19,32879.0,1449,724,725,725,0,21,70182.0,317,158,159,159,0,15,15069.0,389,194,195,195,0,16,19428.0,489,244,245,245,0,17,25264.0,2095,1047,1048,1048,0,23,101266.0,539,269,270,270,0,18,25617.0,297,148,149,149,0,15,14347.0,253,126,127,127,0,13,11615.0,637,318,319,319,0,18,30297.0,2275,1137,1138,1138,0,30,107160.0,323,161,162,162,0,14,14767.0,1901,950,951,951,0,22,88663.0
20900,1245,622,623,623,0,19,60855.0,195,97,98,98,0,15,8239.0,803,401,402,402,0,19,39967.0,875,437,438,438,0,21,43838.0,315,157,158,158,0,16,14759.0,1657,828,829,829,0,20,78183.0,59,29,30,30,0,12,3079.0,687,343,344,344,0,19,33447.0,1465,732,733,733,0,21,70803.0,325,162,163,163,0,15,15654.0,389,194,195,195,0,16,20020.0,499,249,250,250,0,17,25920.0,2107,1053,1054,1054,0,23,101847.0,553,276,277,277,0,19,26210.0,305,152,153,153,0,15,14957.0,267,133,134,134,0,14,12212.0,643,321,322,322,0,18,30898.0,2295,1147,1148,1148,0,30,107755.0,339,169,170,170,0,15,15392.0,1913,956,957,957,0,22,89210.0
21000,1255,627,628,628,0,19,61460.0,205,102,103,103,0,15,8841.0,809,404,405,405,0,19,40560.0,891,445,446,446,0,21,44411.0,325,162,163,163,0,16,15379.0,1669,834,835,835,0,20,78811.0,73,36,37,37,0,12,3720.0,701,350,351,351,0,19,34052.0,1479,739,740,740,0,21,71412.0,341,170,171,171,0,16,16249.0,403,201,202,202,0,16,20592.0,513,256,257,257,0,18,26568.0,2123,1061,1062,1062,0,23,102438.0,561,280,281,281,0,19,26779.0,323,161,162,162,0,15,15540.0,283,141,142,142,0,14,12825.0,651,325,326,326,0,18,31477.0,2305,1152,1153,1153,0,30,108350.0,347,173,174,174,0,15,15994.0,1925,962,963,963,0,22,89820.0
21100,1271,635,636,636,0,20,62078.0,219,109,110,110,0,15,9450.0,821,410,411,411,0,19,41156.0,905,452,453,453,0,21,45011.0,335,167,168,168,0,16,15950.0,1677,838,839,839,0,20,79374.0,87,43,44,44,0,13,4307.0,725,362,363,363,0,19,34662.0,1493,746,747,747,0,21,72050.0,357,178,179,179,0,16,16885.0,419,209,210,210,0,16,21195.0,521,260,261,261,0,18,27198.0,2131,1065,1066,1066,0,23,103030.0,31,15,16,16,0,7,1651.0,343,171,172,172,0,15,16148.0,293,146,147,147,0,14,13436.0,659,329,330,330,0,18,32100.0,2319,1159,1160,1160,0,30,108973.0,365,182,183,183,0,15,16592.0,1937,968,969,969,0,22,90437.0
21200,1289,644,645,645,0,20,62694.0,231,115,116,116,0,15,10092.0,829,414,415,415,0,19,41735.0,915,457,458,458,0,21,45644.0,351,175,176,176,0,16,16562.0,1687,843,844,844,0,20,79967.0,101,50,51,51,0,13,4904.0,743,371,372,372,0,19,35256.0,1507,753,754,754,0,21,72622.0,359,179,180,180,0,16,17504.0,433,216,217,217,0,16,21775.0,527,263,264,264,0,18,27807.0,2149,1074,1075,1075,0,23,103619.0,43,21,22,22,0,8,2253.0,355,177,178,178,0,15,16705.0,305,152,153,153,0,14,14049.0,673,336,337,337,0,18,32694.0,2329,1164,1165,1165,0,30,109548.0,373,186,187,187,0,15,17176.0,1947,973,974,974,0,22,91026.0
21300,1295,647,648,648,0,20,63304.0,241,120,121,121,0,15,10712.0,839,419,420,420,0,19,42364.0,927,463,464,464,0,21,46214.0,367,183,184,184,0,16,17127.0,1703,851,852,852,0,20,80556.0,109,54,55,55,0,14,5511.0,761,380,381,381,0,19,35843.0,1523,761,762,762,0,21,73289.0,383,191,192,192,0,16,18132.0,459,229,230,230,0,16,22423.0,533,266,267,267,0,18,28377.0,2163,1081,1082,1082,0,23,104240.0,55,27,28,28,0,8,2871.0,369,184,185,185,0,16,17336.0,319,159,160,160,0,15,14620.0,685,342,343,343,0,18,33294.0,2341,1170,1171,1171,0,30,110120.0,389,194,195,195,0,15,17775.0,1965,982,983,983,0,22,91620.0
21400,1307,653,654,654,0,20,63916.0,261,130,131,131,0,16,11366.0,853,426,427,427,0,19,42981.0,947,473,474,474,0,21,46818.0,375,187,188,188,0,16,17729.0,1713,856,857,857,0,20,81188.0,121,60,61,61,0,14,6121.0,71,35,36,36,0,10,3225.0,1537,768,769,769,0,21,73919.0,395,197,198,198,0,16,18701.0,473,236,237,237,0,16,23024.0,551,275,276,276,0,18,28972.0,2169,1084,1085,1085,0,23,104818.0,67,33,34,34,0,9,3451.0,377,188,189,189,0,16,17947.0,335,167,168,168,0,15,15262.0,693,346,347,347,0,18,33893.0,2349,1174,1175,1175,0,30,110724.0,411,205,206,206,0,16,18346.0,1973,986,987,987,0,22,92233.0
21500,1327,663,664,664,0,20,64519.0,277,138,139,139,0,16,11992.0,871,435,436,436,0,19,43593.0,961,480,481,481,0,21,47406.0,391,195,196,196,0,16,18303.0,597,298,299,299,0,17,27704.0,133,66,67,67,0,14,6710.0,81,40,41,41,0,10,3825.0,1559,779,780,780,0,21,74520.0,397,198,199,199,0,16,19305.0,483,241,242,242,0,17,23617.0,567,283,284,284,0,18,29620.0,2183,1091,1092,1092,0,23,105424.0,85,42,43,43,0,9,4078.0,381,190,191,191,0,16,18555.0,349,174,175,175,0,15,15880.0,711,355,356,356,0,18,34512.0,2369,1184,1185,1185,0,30,111298.0,419,209,210,210,0,16,18914.0,1989,994,995,995,0,22,92846.0
21600,1339,669,670,670,0,20,65117.0,295,147,148,148,0,16,12600.0,883,441,442,442,0,19,44270.0,967,483,484,484,0,21,48017.0,399,199,200,200,0,16,18938.0,611,305,306,306,0,17,28296.0,151,75,76,76,0,15,7314.0,95,47,48,48,0,10,4448.0,1573,786,787,787,0,21,75166.0,403,201,202,202,0,16,19891.0,491,245,246,246,0,17,24240.0,583,291,292,292,0,18,30249.0,2199,1099,1100,1100,0,23,105985.0,95,47,48,48,0,9,4665.0,391,195,196,196,0,17,19158.0,369,184,185,185,0,15,16508.0,723,361,362,362,0,18,35128.0,2385,1192,1193,1193,0,30,111910.0,435,217,218,218,0,16,19458.0,1999,999,1000,1000,0,22,93463.0
21700,1353,676,677,677,0,20,65719.0,317,158,159,159,0,16,13213.0,893,446,447,447,0,19,44880.0,977,488,489,489,0,21,48604.0,409,204,205,205,0,16,19560.0,627,313,314,314,0,17,28924.0,161,80,81,81,0,15,7902.0,103,51,52,52,0,10,5053.0,1579,789,790,790,0,21,75794.0,411,205,206,206,0,16,20472.0,505,252,253,253,0,17,24825.0,587,293,294,294,0,18,30838.0,2211,1105,1106,1106,0,23,106575.0,115,57,58,58,0,10,5230.0,401,200,201,201,0,17,19792.0,381,190,191,191,0,15,17118.0,737,368,369,369,0,18,35737.0,2403,1201,1202,1202,0,30,112526.0,447,223,224,224,0,16,20108.0,2013,1006,1007,1007,0,22,94053.0
21800,1357,678,679,679,0,20,66317.0,23,11,12,12,0,7,1056.0,901,450,451,451,0,19,45487.0,995,497,498,498,0,21,49176.0,429,214,215,215,0,16,20157.0,639,319,320,320,0,17,29550.0,175,87,88,88,0,15,8529.0,121,60,61,61,0,11,5691.0,1589,794,795,795,0,21,76385.0,429,214,215,215,0,16,21102.0,519,259,260,260,0,17,25416.0,597,298,299,299,0,18,31419.0,2229,1114,1115,1115,0,23,107144.0,129,64,65,65,0,10,5812.0,417,208,209,209,0,17,20401.0,393,196,197,197,0,15,17739.0,753,376,377,377,0,18,36353.0,2413,1206,1207,1207,0,30,113103.0,451,225,226,226,0,16,20697.0,2021,1010,1011,1011,0,22,94655.0
21900,1363,681,682,682,0,20,66917.0,31,15,16,16,0,8,1619.0,911,455,456,456,0,19,46126.0,1009,504,505,505,0,21,49765.0,431,215,216,216,0,17,20770.0,645,322,323,323,0,17,30111.0,185,92,93,93,0,16,9137.0,129,64,65,65,0,12,6285.0,1605,802,803,803,0,21,76995.0,431,215,216,216,0,16,21721.0,531,265,266,266,0,17,26041.0,609,304,305,305,0,18,32006.0,2247,1123,1124,1124,0,23,107716.0,143,71,72,72,0,11,6436.0,431,215,216,216,0,17,20995.0,401,200,201,201,0,15,18349.0,769,384,385,385,0,19,36936.0,2425,1212,1213,1213,0,30,113713.0,461,230,231,231,0,16,21257.0,2029,1014,1015,1015,0,22,95298.0
22000,1369,684,685,685,0,20,67491.0,47,23,24,24,0,9,2234.0,929,464,465,465,0,19,46729.0,1013,506,507,507,0,21,50379.0,437,218,219,219,0,17,21350.0,651,325,326,326,0,17,30736.0,207,103,104,104,0,16,9791.0,159,79,80,80,0,12,6907.0,1619,809,810,810,0,21,77621.0,457,228,229,229,0,16,22347.0,545,272,273,273,0,17,26637.0,635,317,318,318,0,19,32557.0,2263,1131,1132,1132,0,23,108324.0,157,78,79,79,0,11,7014.0,447,223,224,224,0,17,21642.0,417,208,209,209,0,15,18917.0,779,389,390,390,0,19,37496.0,2443,1221,1222,1222,0,30,114326.0,481,240,241,241,0,16,21853.0,2049,1024,1025,1025,0,22,95943.0
22100,1377,688,689,689,0,20,68094.0,57,28,29,29,0,11,2819.0,941,470,471,471,0,19,47350.0,1027,513,514,514,0,21,50988.0,451,225,226,226,0,17,21956.0,663,331,332,332,0,17,31332.0,223,111,112,112,0,17,10358.0,169,84,85,85,0,12,7550.0,1629,814,815,815,0,21,78221.0,475,237,238,238,0,17,22952.0,559,279,280,280,0,17,27286.0,645,322,323,323,0,19,33188.0,2277,1138,1139,1139,0,23,108912.0,171,85,86,86,0,11,7597.0,457,228,229,229,0,17,22275.0,427,213,214,214,0,15,19477.0,787,393,394,394,0,19,38123.0,2461,1230,1231,1231,0,30,114925.0,493,246,247,247,0,16,22428.0,2071,1035,1036,1036,0,22,96593.0
22200,1393,696,697,697,0,20,68684.0,65,32,33,33,0,11,3370.0,957,478,479,479,0,19,47967.0,1033,516,517,517,0,21,51566.0,461,230,231,231,0,17,22588.0,675,337,338,338,0,17,31958.0,227,113,114,114,0,17,10945.0,181,90,91,91,0,13,8157.0,1649,824,825,825,0,21,78848.0,481,240,241,241,0,17,23492.0,571,285,286,286,0,17,27892.0,661,330,331,331,0,19,33812.0,2295,1147,1148,1148,0,23,109525.0,183,91,92,92,0,11,8169.0,475,237,238,238,0,17,22904.0,439,219,220,220,0,16,20062.0,805,402,403,403,0,19,38696.0,2473,1236,1237,1237,0,30,115521.0,499,249,250,250,0,16,23038.0,2089,1044,1045,1045,0,22,97192.0
22300,1409,704,705,705,0,20,69288.0,81,40,41,41,0,11,3937.0,969,484,485,485,0,19,48559.0,1063,531,532,532,0,21,52156.0,475,237,238,238,0,17,23208.0,683,341,342,342,0,17,32531.0,245,122,123,123,0,17,11544.0,197,98,99,99,0,13,8740.0,1665,832,833,833,0,22,79425.0,493,246,247,247,0,17,24105.0,587,293,294,294,0,17,28476.0,671,335,336,336,0,19,34463.0,2303,1151,1152,1152,0,23,110136.0,193,96,97,97,0,12,8785.0,481,240,241,241,0,17,23508.0,447,223,224,224,0,16,20664.0,815,407,408,408,0,19,39292.0,2491,1245,1246,1246,0,30,116118.0,509,254,255,255,0,16,23669.0,2107,1053,1054,1054,0,22,97757.0
22400,1423,711,712,712,0,20,69886.0,93,46,47,47,0,11,4545.0,985,492,493,493,0,19,49156.0,1079,539,540,540,0,21,52805.0,485,242,243,243,0,17,23817.0,695,347,348,348,0,17,33157.0,253,126,127,127,0,17,12188.0,203,101,102,102,0,13,9363.0,1681,840,841,841,0,22,80020.0,501,250,251,251,0,17,24671.0,601,300,301,301,0,17,29106.0,683,341,342,342,0,19,35041.0,2313,1156,1157,1157,0,23,110759.0,197,98,99,99,0,12,9350.0,487,243,244,244,0,17,24098.0,455,227,228,228,0,16,21270.0,825,412,413,413,0,19,39900.0,2505,1252,1253,1253,0,30,116705.0,535,267,268,268,0,16,24298.0,2117,1058,1059,1059,0,22,98338.0
22500,1433,716,717,717,0,20,70461.0,105,52,53,53,0,12,5149.0,1003,501,502,502,0,19,49729.0,1091,545,546,546,0,21,53391.0,505,252,253,253,0,17,24453.0,709,354,355,355,0,17,33776.0,263,131,132,132,0,17,12758.0,213,106,107,107,0,13,9961.0,1695,847,848,848,0,22,80621.0,513,256,257,257,0,17,25302.0,617,308,309,309,0,17,29707.0,693,346,347,347,0,19,35615.0,2323,1161,1162,1162,0,23,111336.0,211,105,106,106,0,12,9976.0,499,249,250,250,0,17,24716.0,469,234,235,235,0,16,21887.0,835,417,418,418,0,19,40517.0,2515,1257,1258,1258,0,30,117298.0,547,273,274,274,0,16,24920.0,2121,1060,1061,1061,0,22,98913.0
22600,1439,719,720,720,0,20,71057.0,119,59,60,60,0,12,5688.0,1015,507,508,508,0,19,50321.0,1097,548,549,549,0,21,53983.0,531,265,266,266,0,17,25060.0,723,361,362,362,0,17,34358.0,285,142,143,143,0,17,13365.0,225,112,113,113,0,13,10623.0,1705,852,853,853,0,22,81236.0,523,261,262,262,0,17,25911.0,633,316,317,317,0,17,30314.0,693,346,347,347,0,19,36156.0,2339,1169,1170,1170,0,23,111922.0,225,112,113,113,0,12,10572.0,511,255,256,256,0,17,25306.0,489,244,245,245,0,16,22511.0,851,425,426,426,0,19,41142.0,2519,1259,1260,1260,0,30,117869.0,565,282,283,283,0,16,25507.0,2133,1066,1067,1067,0,22,99527.0
22700,1447,723,724,724,0,20,71654.0,129,64,65,65,0,12,6272.0,1021,510,511,511,0,19,50961.0,1109,554,555,555,0,21,54548.0,547,273,274,274,0,17,25677.0,739,369,370,370,0,17,35012.0,299,149,150,150,0,17,13998.0,233,116,117,117,0,13,11270.0,1717,858,859,859,0,22,81835.0,541,270,271,271,0,17,26511.0,655,327,328,328,0,17,30939.0,703,351,352,352,0,20,36738.0,2355,1177,1178,1178,0,23,112490.0,233,116,117,117,0,12,11153.0,529,264,265,265,0,17,25931.0,505,252,253,253,0,16,23123.0,865,432,433,433,0,19,41753.0,2525,1262,1263,1263,0,30,118419.0,577,288,289,289,0,16,26095.0,2143,1071,1072,1072,0,22,100197.0
22800,1465,732,733,733,0,20,72268.0,135,67,68,68,0,12,6852.0,1033,516,517,517,0,20,51560.0,1123,561,562,562,0,21,55172.0,567,283,284,284,0,17,26262.0,749,374,375,375,0,18,35640.0,313,156,157,157,0,17,14602.0,239,119,120,120,0,14,11869.0,1733,866,867,867,0,22,82413.0,555,277,278,278,0,17,27097.0,673,336,337,337,0,17,31558.0,721,360,361,361,0,20,37376.0,2365,1182,1183,1183,0,23,113116.0,247,123,124,124,0,13,11753.0,543,271,272,272,0,17,26523.0,519,259,260,260,0,16,23724.0,875,437,438,438,0,19,42366.0,2539,1269,1270,1270,0,30,119044.0,591,295,296,296,0,17,26694.0,2159,1079,1080,1080,0,22,100791.0
22900,1485,742,743,743,0,20,72866.0,149,74,75,75,0,12,7405.0,1045,522,523,523,0,20,52122.0,1143,571,572,572,0,21,55751.0,583,291,292,292,0,17,26882.0,761,380,381,381,0,18,36243.0,323,161,162,162,0,17,15210.0,255,127,128,128,0,14,12476.0,1749,874,875,875,0,22,83004.0,571,285,286,286,0,17,27700.0,687,343,344,344,0,17,32118.0,731,365,366,366,0,20,37957.0,2379,1189,1190,1190,0,23,113706.0,259,129,130,130,0,14,12312.0,557,278,279,279,0,18,27112.0,531,265,266,266,0,16,24313.0,891,445,446,446,0,19,42927.0,2545,1272,1273,1273,0,30,119650.0,615,307,308,308,0,17,27324.0,2175,1087,1088,1088,0,22,101368.0
23000,1501,750,751,751,0,20,73411.0,167,83,84,84,0,13,8018.0,1051,525,526,526,0,20,52714.0,1151,575,576,576,0,21,56362.0,595,297,298,298,0,17,27517.0,771,385,386,386,0,18,36859.0,329,164,165,165,0,17,15782.0,265,132,133,133,0,14,13047.0,1757,878,879,879,0,22,83602.0,579,289,290,290,0,17,28315.0,697,348,349,349,0,17,32726.0,739,369,370,370,0,20,38540.0,2393,1196,1197,1197,0,23,114338.0,269,134,135,135,0,14,12891.0,573,286,287,287,0,18,27707.0,545,272,273,273,0,16,24949.0,899,449,450,450,0,19,43543.0,2549,1274,1275,1275,0,30,120260.0,631,315,316,316,0,17,27952.0,2185,1092,1093,1093,0,23,101952.0
23100,1507,753,754,754,0,20,74027.0,183,91,92,92,0,13,8636.0,1065,532,533,533,0,20,53300.0,1163,581,582,582,0,21,56953.0,605,302,303,303,0,17,28103.0,779,389,390,390,0,18,37458.0,345,172,173,173,0,17,16392.0,277,138,139,139,0,14,13645.0,1759,879,880,880,0,22,84160.0,593,296,297,297,0,17,28896.0,705,352,353,353,0,17,33333.0,753,376,377,377,0,20,39144.0,2403,1201,1202,1202,0,23,114932.0,287,143,144,144,0,14,13484.0,587,293,294,294,0,18,28291.0,551,275,276,276,0,16,25589.0,915,457,458,458,0,19,44191.0,2563,1281,1282,1282,0,30,120875.0,643,321,322,322,0,17,28511.0,2199,1099,1100,1100,0,23,102516.0
23200,1519,759,760,760,0,20,74610.0,189,94,95,95,0,13,9251.0,1073,536,537,537,0,20,53918.0,1,0,1,1,0,1,26.0,617,308,309,309,0,17,28696.0,805,402,403,403,0,18,38104.0,355,177,178,178,0,17,16988.0,291,145,146,146,0,14,14235.0,1765,882,883,883,0,22,84755.0,603,301,302,302,0,17,29523.0,717,358,359,359,0,18,33968.0,759,379,380,380,0,20,39790.0,2415,1207,1208,1208,0,23,115511.0,297,148,149,149,0,14,14042.0,593,296,297,297,0,18,28894.0,555,277,278,278,0,16,26198.0,937,468,469,469,0,19,44789.0,2579,1289,1290,1290,0,30,121507.0,653,326,327,327,0,17,29072.0,2213,1106,1107,1107,0,23,103087.0
23300,1533,766,767,767,0,20,75190.0,197,98,99,99,0,13,9827.0,1085,542,543,543,0,20,54514.0,17,8,9,9,0,5,656.0,625,312,313,313,0,17,29301.0,819,409,410,410,0,18,38697.0,365,182,183,183,0,17,17597.0,303,151,152,152,0,14,14840.0,1775,887,888,888,0,22,85309.0,621,310,311,311,0,17,30133.0,737,368,369,369,0,18,34613.0,779,389,390,390,0,20,40421.0,2423,1211,1212,1212,0,23,116151.0,309,154,155,155,0,14,14647.0,597,298,299,299,0,18,29475.0,579,289,290,290,0,16,26818.0,945,472,473,473,0,19,45378.0,2589,1294,1295,1295,0,30,122109.0,655,327,328,328,0,17,29641.0,2227,1113,1114,1114,0,23,103681.0
23400,1543,771,772,772,0,20,75772.0,215,107,108,108,0,13,10447.0,1095,547,548,548,0,20,55098.0,33,16,17,17,0,7,1275.0,639,319,320,320,0,17,29892.0,835,417,418,418,0,19,39297.0,381,190,191,191,0,18,18214.0,309,154,155,155,0,15,15445.0,1785,892,893,893,0,22,85917.0,629,314,315,315,0,18,30731.0,751,375,376,376,0,18,35172.0,789,394,395,395,0,20,40988.0,2433,1216,1217,1217,0,23,116742.0,315,157,158,158,0,14,15213.0,615,307,308,308,0,18,30095.0,599,299,300,300,0,17,27394.0,945,472,473,473,0,19,45968.0,2603,1301,1302,1302,0,30,122675.0,659,329,330,330,0,17,30229.0,2237,1118,1119,1119,0,23,104266.0
23500,1557,778,779,779,0,20,76349.0,231,115,116,116,0,13,11036.0,1105,552,553,553,0,20,55728.0,45,22,23,23,0,8,1914.0,653,326,327,327,0,18,30492.0,843,421,422,422,0,19,39878.0,393,196,197,197,0,18,18847.0,323,161,162,162,0,15,16036.0,1795,897,898,898,0,22,86510.0,641,320,321,321,0,18,31326.0,761,380,381,381,0,18,35765.0,793,396,397,397,0,20,41577.0,2445,1222,1223,1223,0,23,117355.0,325,162,163,163,0,14,15821.0,635,317,318,318,0,18,30687.0,609,304,305,305,0,17,27968.0,965,482,483,483,0,19,46595.0,99,49,50,50,0,12,4472.0,667,333,334,334,0,17,30805.0,2253,1126,1127,1127,0,23,104884.0
23600,1569,784,785,785,0,20,76948.0,251,125,126,126,0,14,11629.0,1115,557,558,558,0,20,56308.0,57,28,29,29,0,9,2493.0,659,329,330,330,0,18,31046.0,855,427,428,428,0,19,40485.0,401,200,201,201,0,18,19458.0,345,172,173,173,0,15,16618.0,1807,903,904,904,0,22,87106.0,653,326,327,327,0,18,31955.0,771,385,386,386,0,18,36346.0,813,406,407,407,0,20,42179.0,2451,1225,1226,1226,0,23,117961.0,341,170,171,171,0,14,16416.0,641,320,321,321,0,18,31266.0,617,308,309,309,0,17,28552.0,971,485,486,486,0,19,47154.0,105,52,53,53,0,12,5042.0,681,340,341,341,0,17,31410.0,2263,1131,1132,1132,0,23,105473.0
23700,1575,787,788,788,0,20,77513.0,263,131,132,132,0,14,12275.0,1125,562,563,563,0,20,56920.0,63,31,32,32,0,9,3038.0,669,334,335,335,0,18,31638.0,861,430,431,431,0,19,41081.0,413,206,207,207,0,18,20068.0,357,178,179,179,0,15,17199.0,1815,907,908,908,0,22,87700.0,659,329,330,330,0,18,32541.0,789,394,395,395,0,18,36931.0,821,410,411,411,0,20,42728.0,2465,1232,1233,1233,0,23,118556.0,353,176,177,177,0,14,17019.0,657,328,329,329,0,18,31869.0,629,314,315,315,0,17,29158.0,983,491,492,492,0,19,47767.0,119,59,60,60,0,13,5644.0,691,345,346,346,0,17,31985.0,2271,1135,1136,1136,0,23,106051.0
23800,1585,792,793,793,0,20,78097.0,273,136,137,137,0,14,12887.0,1149,574,575,575,0,20,57528.0,77,38,39,39,0,9,3646.0,685,342,343,343,0,18,32290.0,871,435,436,436,0,19,41750.0,429,214,215,215,0,18,20658.0,369,184,185,185,0,15,17847.0,1835,917,918,918,0,23,88279.0,671,335,336,336,0,18,33161.0,799,399,400,400,0,19,37522.0,833,416,417,417,0,20,43291.0,2475,1237,1238,1238,0,23,119117.0,375,187,188,188,0,14,17637.0,661,330,331,331,0,18,32457.0,645,322,323,323,0,17,29770.0,999,499,500,500,0,19,48399.0,129,64,65,65,0,13,6221.0,697,348,349,349,0,17,32580.0,2279,1139,1140,1140,0,23,106654.0
23900,1597,798,799,799,0,20,78752.0,65,32,33,33,0,12,2938.0,1157,578,579,579,0,20,58118.0,93,46,47,47,0,10,4247.0,689,344,345,345,0,18,32929.0,887,443,444,444,0,19,42346.0,443,221,222,222,0,18,21296.0,389,194,195,195,0,16,18464.0,1847,923,924,924,0,23,88838.0,679,339,340,340,0,18,33710.0,815,407,408,408,0,19,38104.0,841,420,421,421,0,20,43889.0,2493,1246,1247,1247,0,23,119731.0,387,193,194,194,0,15,18247.0,665,332,333,333,0,18,33070.0,647,323,324,324,0,17,30350.0,1003,501,502,502,0,19,48969.0,141,70,71,71,0,13,6779.0,713,356,357,357,0,18,33160.0,2289,1144,1145,1145,0,23,107244.0
24000,1603,801,802,802,0,20,79314.0,87,43,44,44,0,12,3535.0,1175,587,588,588,0,20,58764.0,105,52,53,53,0,11,4820.0,705,352,353,353,0,18,33529.0,903,451,452,452,0,19,42989.0,447,223,224,224,0,18,21876.0,405,202,203,203,0,16,19082.0,1857,928,929,929,0,23,89408.0,695,347,348,348,0,18,34311.0,829,414,415,415,0,19,38761.0,847,423,424,424,0,20,44474.0,2505,1252,1253,1253,0,23,120328.0,397,198,199,199,0,15,18878.0,677,338,339,339,0,18,33679.0,653,326,327,327,0,17,30981.0,1021,510,511,511,0,19,49595.0,157,78,79,79,0,13,7385.0,721,360,361,361,0,18,33759.0,2303,1151,1152,1152,0,23,107841.0
24100,1617,808,809,809,0,20,79921.0,99,49,50,50,0,13,4124.0,1187,593,594,594,0,20,59362.0,119,59,60,60,0,11,5438.0,711,355,356,356,0,18,34142.0,913,456,457,457,0,19,43539.0,459,229,230,230,0,19,22465.0,417,208,209,209,0,16,19700.0,1863,931,932,932,0,23,90027.0,43,21,22,22,0,8,2720.0,847,423,424,424,0,19,39378.0,857,428,429,429,0,20,45116.0,2517,1258,1259,1259,0,23,120927.0,409,204,205,205,0,15,19461.0,691,345,346,346,0,19,34250.0,661,330,331,331,0,17,31537.0,87,43,44,44,0,10,4605.0,173,86,87,87,0,13,8020.0,737,368,369,369,0,18,34355.0,2325,1162,1163,1163,0,23,108479.0
24200,1633,816,817,817,0,21,80519.0,103,51,52,52,0,14,4692.0,1195,597,598,598,0,20,59942.0,129,64,65,65,0,11,6064.0,719,359,360,360,0,18,34739.0,929,464,465,465,0,19,44103.0,471,235,236,236,0,19,23086.0,427,213,214,214,0,16,20245.0,1883,941,942,942,0,23,90628.0,55,27,28,28,0,9,3314.0,861,430,431,431,0,19,39994.0,867,433,434,434,0,20,45711.0,2531,1265,1266,1266,0,23,121520.0,421,210,211,211,0,15,20075.0,709,354,355,355,0,19,34857.0,675,337,338,338,0,17,32143.0,97,48,49,49,0,11,5218.0,181,90,91,91,0,13,8617.0,43,21,22,22,0,9,2048.0,2335,1167,1168,1168,0,23,109069.0
24300,1641,820,821,821,0,21,81127.0,119,59,60,60,0,15,5266.0,1211,605,606,606,0,20,60499.0,139,69,70,70,0,11,6629.0,727,363,364,364,0,18,35332.0,943,471,472,472,0,19,44708.0,487,243,244,244,0,19,23720.0,433,216,217,217,0,16,20866.0,1895,947,948,948,0,23,91232.0,59,29,30,30,0,9,3950.0,871,435,436,436,0,19,40564.0,883,441,442,442,0,20,46327.0,2543,1271,1272,1272,0,23,122132.0,433,216,217,217,0,15,20614.0,717,358,359,359,0,19,35452.0,685,342,343,343,0,17,32755.0,113,56,57,57,0,11,5843.0,203,101,102,102,0,14,9260.0,59,29,30,30,0,10,2634.0,2343,1171,1172,1172,0,23,109650.0
24400,1655,827,828,828,0,21,81732.0,125,62,63,63,0,16,5882.0,1225,612,613,613,0,21,61112.0,155,77,78,78,0,12,7209.0,743,371,372,372,0,18,35918.0,965,482,483,483,0,19,45303.0,499,249,250,250,0,19,24324.0,443,221,222,222,0,16,21468.0,1915,957,958,958,0,23,91818.0,73,36,37,37,0,10,4583.0,887,443,444,444,0,19,41166.0,901,450,451,451,0,20,46917.0,1277,638,639,639,0,21,58377.0,455,227,228,228,0,15,21164.0,725,362,363,363,0,19,36031.0,695,347,348,348,0,17,33381.0,121,60,61,61,0,12,6443.0,223,111,112,112,0,14,9892.0,67,33,34,34,0,11,3261.0,2351,1175,1176,1176,0,23,110271.0
24500,1663,831,832,832,0,21,82356.0,137,68,69,69,0,17,6510.0,1235,617,618,618,0,21,61700.0,169,84,85,85,0,12,7807.0,761,380,381,381,0,18,36533.0,979,489,490,490,0,19,45884.0,151,75,76,76,0,12,7412.0,453,226,227,227,0,16,22086.0,1929,964,965,965,0,23,92410.0,83,41,42,42,0,10,5210.0,889,444,445,445,0,19,41732.0,907,453,454,454,0,20,47511.0,1291,645,646,646,0,21,58997.0,463,231,232,232,0,15,21751.0,739,369,370,370,0,19,36575.0,701,350,351,351,0,17,34005.0,133,66,67,67,0,12,7074.0,237,118,119,119,0,14,10501.0,79,39,40,40,0,12,3856.0,2357,1178,1179,1179,0,23,110862.0
24600,1673,836,837,837,0,21,82954.0,155,77,78,78,0,17,7134.0,1245,622,623,623,0,21,62295.0,185,92,93,93,0,12,8425.0,777,388,389,389,0,18,37131.0,991,495,496,496,0,19,46435.0,173,86,87,87,0,12,7998.0,471,235,236,236,0,16,22711.0,1939,969,970,970,0,23,92995.0,99,49,50,50,0,11,5829.0,895,447,448,448,0,19,42309.0,923,461,462,462,0,20,48065.0,1303,651,652,652,0,21,59563.0,471,235,236,236,0,15,22387.0,751,375,376,376,0,19,37161.0,723,361,362,362,0,17,34568.0,137,68,69,69,0,12,7652.0,241,120,121,121,0,14,11121.0,91,45,46,46,0,12,4471.0,2373,1186,1187,1187,0,23,111460.0
24700,1685,842,843,843,0,21,83573.0,179,89,90,90,0,18,7747.0,1257,628,629,629,0,21,62838.0,201,100,101,101,0,12,9048.0,785,392,393,393,0,18,37702.0,1019,509,510,510,0,19,47050.0,183,91,92,92,0,12,8523.0,479,239,240,240,0,16,23321.0,1963,981,982,982,0,23,93566.0,107,53,54,54,0,11,6388.0,901,450,451,451,0,19,42904.0,939,469,470,470,0,20,48647.0,1311,655,656,656,0,21,60154.0,483,241,242,242,0,15,23011.0,761,380,381,381,0,19,37694.0,731,365,366,366,0,17,35161.0,145,72,73,73,0,12,8203.0,257,128,129,129,0,14,11721.0,101,50,51,51,0,13,5073.0,2381,1190,1191,1191,0,23,112044.0
24800,1701,850,851,851,0,21,84166.0,189,94,95,95,0,19,8364.0,1269,634,635,635,0,21,63441.0,213,106,107,107,0,12,9637.0,799,399,400,400,0,18,38309.0,1029,514,515,515,0,19,47648.0,201,100,101,101,0,12,9134.0,495,247,248,248,0,16,23892.0,211,105,106,106,0,13,9248.0,121,60,61,61,0,12,6970.0,907,453,454,454,0,19,43513.0,963,481,482,482,0,20,49266.0,1327,663,664,664,0,21,60722.0,491,245,246,246,0,15,23600.0,773,386,387,387,0,19,38318.0,743,371,372,372,0,17,35726.0,151,75,76,76,0,12,8783.0,269,134,135,135,0,14,12330.0,107,53,54,54,0,13,5702.0,2389,1194,1195,1195,0,23,112629.0
24900,1713,856,857,857,0,21,84748.0,193,96,97,97,0,19,8954.0,1279,639,640,640,0,21,64028.0,225,112,113,113,0,13,10241.0,811,405,406,406,0,18,38926.0,1043,521,522,522,0,19,48282.0,207,103,104,104,0,12,9737.0,513,256,257,257,0,16,24487.0,227,113,114,114,0,13,9838.0,133,66,67,67,0,12,7577.0,925,462,463,463,0,19,44112.0,973,486,487,487,0,20,49872.0,1343,671,672,672,0,21,61315.0,503,251,252,252,0,15,24244.0,783,391,392,392,0,19,38894.0,763,381,382,382,0,17,36347.0,163,81,82,82,0,12,9385.0,277,138,139,139,0,14,12912.0,119,59,60,60,0,13,6280.0,2405,1202,1203,1203,0,23,113212.0
25000,1725,862,863,863,0,21,85350.0,211,105,106,106,0,19,9529.0,1293,646,647,647,0,21,64626.0,235,117,118,118,0,13,10830.0,825,412,413,413,0,18,39543.0,1047,523,524,524,0,19,48893.0,219,109,110,110,0,13,10347.0,529,264,265,265,0,16,25105.0,237,118,119,119,0,13,10465.0,145,72,73,73,0,12,8197.0,939,469,470,470,0,19,44728.0,989,494,495,495,0,21,50479.0,1357,678,679,679,0,21,61909.0,517,258,259,259,0,15,24784.0,793,396,397,397,0,19,39470.0,775,387,388,388,0,18,37000.0,179,89,90,90,0,13,10040.0,281,140,141,141,0,14,13483.0,129,64,65,65,0,13,6857.0,2419,1209,1210,1210,0,23,113820.0
25100,1745,872,873,873,0,21,85956.0,217,108,109,109,0,19,10124.0,1309,654,655,655,0,21,65260.0,245,122,123,123,0,13,11388.0,833,416,417,417,0,19,40125.0,1049,524,525,525,0,19,49505.0,225,112,113,113,0,13,10931.0,537,268,269,269,0,16,25706.0,251,125,126,126,0,13,11113.0,155,77,78,78,0,12,8758.0,953,476,477,477,0,19,45339.0,999,499,500,500,0,21,51076.0,1367,683,684,684,0,21,62496.0,525,262,263,263,0,16,25407.0,813,406,407,407,0,19,40067.0,783,391,392,392,0,18,37594.0,185,92,93,93,0,13,10644.0,299,149,150,150,0,15,14108.0,137,68,69,69,0,14,7446.0,2431,1215,1216,1216,0,23,114395.0
25200,1757,878,879,879,0,21,86554.0,227,113,114,114,0,20,10725.0,1323,661,662,662,0,21,65860.0,253,126,127,127,0,13,11988.0,849,424,425,425,0,19,40715.0,1061,530,531,531,0,19,50093.0,235,117,118,118,0,13,11482.0,547,273,274,274,0,16,26308.0,263,131,132,132,0,14,11713.0,181,90,91,91,0,13,9358.0,969,484,485,485,0,19,45922.0,1015,507,508,508,0,21,51662.0,1379,689,690,690,0,21,63075.0,539,269,270,270,0,16,25982.0,823,411,412,412,0,19,40637.0,793,396,397,397,0,18,38196.0,191,95,96,96,0,13,11207.0,309,154,155,155,0,15,14735.0,149,74,75,75,0,14,8030.0,2445,1222,1223,1223,0,23,114982.0
25300,1769,884,885,885,0,21,87138.0,233,116,117,117,0,20,11373.0,1331,665,666,666,0,21,66484.0,263,131,132,132,0,13,12542.0,861,430,431,431,0,19,41329.0,1079,539,540,540,0,19,50659.0,249,124,125,125,0,13,12058.0,565,282,283,283,0,16,26889.0,277,138,139,139,0,14,12371.0,191,95,96,96,0,13,9977.0,975,487,488,488,0,20,46527.0,95,47,48,48,0,10,4644.0,1389,694,695,695,0,21,63705.0,551,275,276,276,0,16,26576.0,839,419,420,420,0,19,41216.0,805,402,403,403,0,18,38789.0,207,103,104,104,0,13,11754.0,323,161,162,162,0,15,15345.0,163,81,82,82,0,14,8642.0,2459,1229,1230,1230,0,23,115626.0
25400,1785,892,893,893,0,21,87731.0,249,124,125,125,0,20,11956.0,1345,672,673,673,0,21,67083.0,269,134,135,135,0,13,13125.0,885,442,443,443,0,19,41948.0,1099,549,550,550,0,19,51240.0,261,130,131,131,0,13,12608.0,579,289,290,290,0,16,27528.0,289,144,145,145,0,14,12941.0,209,104,105,105,0,13,10595.0,983,491,492,492,0,20,47181.0,111,55,56,56,0,10,5205.0,1409,704,705,705,0,21,64325.0,561,280,281,281,0,16,27203.0,857,428,429,429,0,19,41814.0,819,409,410,410,0,18,39419.0,229,114,115,115,0,13,12348.0,327,163,164,164,0,15,15918.0,177,88,89,89,0,15,9197.0,2473,1236,1237,1237,0,23,116206.0
25500,1799,899,900,900,0,21,88341.0,267,133,134,134,0,20,12574.0,1357,678,679,679,0,21,67634.0,45,22,23,23,0,11,1847.0,895,447,448,448,0,19,42513.0,1109,554,555,555,0,19,51829.0,273,136,137,137,0,13,13203.0,585,292,293,293,0,16,28146.0,297,148,149,149,0,14,13493.0,219,109,110,110,0,14,11190.0,995,497,498,498,0,20,47795.0,119,59,60,60,0,11,5780.0,1417,708,709,709,0,21,64923.0,573,286,287,287,0,16,27779.0,871,435,436,436,0,19,42426.0,837,418,419,419,0,18,39987.0,233,116,117,117,0,14,12924.0,363,181,182,182,0,15,16509.0,199,99,100,100,0,15,9764.0,2485,1242,1243,1243,0,23,116838.0
25600,1815,907,908,908,0,21,89019.0,273,136,137,137,0,20,13204.0,1367,683,684,684,0,21,68245.0,57,28,29,29,0,11,2479.0,909,454,455,455,0,19,43129.0,1119,559,560,560,0,20,52408.0,291,145,146,146,0,14,13816.0,591,295,296,296,0,17,28742.0,309,154,155,155,0,14,14123.0,235,117,118,118,0,14,11784.0,1013,506,507,507,0,20,48430.0,127,63,64,64,0,11,6372.0,1429,714,715,715,0,21,65513.0,587,293,294,294,0,16,28391.0,887,443,444,444,0,19,43017.0,843,421,422,422,0,18,40563.0,249,124,125,125,0,14,13514.0,375,187,188,188,0,15,17070.0,217,108,109,109,0,16,10388.0,2499,1249,1250,1250,0,23,117439.0
25700,1839,919,920,920,0,21,89646.0,281,140,141,141,0,20,13775.0,1375,687,688,688,0,21,68873.0,73,36,37,37,0,12,3095.0,927,463,464,464,0,19,43701.0,1129,564,565,565,0,20,53020.0,305,152,153,153,0,14,14417.0,605,302,303,303,0,17,29324.0,313,156,157,157,0,14,14708.0,245,122,123,123,0,14,12381.0,1027,513,514,514,0,20,49035.0,137,68,69,69,0,11,6998.0,1447,723,724,724,0,21,66124.0,595,297,298,298,0,16,28985.0,891,445,446,446,0,19,43606.0,849,424,425,425,0,18,41178.0,269,134,135,135,0,14,14140.0,391,195,196,196,0,15,17673.0,221,110,111,111,0,16,10982.0,2515,1257,1258,1258,0,23,118059.0
25800,1855,927,928,928,0,21,90281.0,293,146,147,147,0,20,14348.0,1383,691,692,692,0,21,69401.0,89,44,45,45,0,12,3682.0,939,469,470,470,0,19,44303.0,1139,569,570,570,0,20,53604.0,311,155,156,156,0,14,14986.0,617,308,309,309,0,17,29939.0,329,164,165,165,0,14,15345.0,255,127,128,128,0,14,12973.0,1039,519,520,520,0,20,49592.0,153,76,77,77,0,12,7597.0,1451,725,726,726,0,21,66679.0,609,304,305,305,0,16,29585.0,907,453,454,454,0,19,44196.0,865,432,433,433,0,18,41785.0,281,140,141,141,0,14,14725.0,399,199,200,200,0,15,18287.0,231,115,116,116,0,16,11577.0,2533,1266,1267,1267,0,23,118711.0
25900,1863,931,932,932,0,21,90913.0,301,150,151,151,0,21,14943.0,1401,700,701,701,0,21,70042.0,101,50,51,51,0,13,4267.0,959,479,480,480,0,19,44906.0,1155,577,578,578,0,20,54212.0,327,163,164,164,0,14,15638.0,631,315,316,316,0,17,30556.0,339,169,170,170,0,14,15993.0,277,138,139,139,0,14,13542.0,1049,524,525,525,0,20,50190.0,171,85,86,86,0,12,8186.0,1459,729,730,730,0,21,67230.0,617,308,309,309,0,16,30190.0,929,464,465,465,0,19,44825.0,879,439,440,440,0,18,42416.0,289,144,145,145,0,14,15311.0,413,206,207,207,0,16,18857.0,247,123,124,124,0,16,12176.0,2555,1277,1278,1278,0,23,119330.0
26000,1873,936,937,937,0,21,91498.0,311,155,156,156,0,21,15552.0,1409,704,705,705,0,21,70653.0,117,58,59,59,0,14,4837.0,965,482,483,483,0,19,45485.0,1171,585,586,586,0,20,54817.0,339,169,170,170,0,14,16278.0,11,5,6,6,0,4,663.0,347,173,174,174,0,15,16623.0,291,145,146,146,0,15,14141.0,1063,531,532,532,0,21,50825.0,181,90,91,91,0,12,8766.0,1469,734,735,735,0,21,67831.0,633,316,317,317,0,16,30794.0,933,466,467,467,0,19,45408.0,893,446,447,447,0,18,43024.0,307,153,154,154,0,15,15870.0,413,206,207,207,0,16,19411.0,29,14,15,15,0,9,1312.0,2565,1282,1283,1283,0,23,119910.0
26100,1881,940,941,941,0,21,92073.0,319,159,160,160,0,21,16174.0,1421,710,711,711,0,21,71231.0,131,65,66,66,0,15,5473.0,981,490,491,491,0,19,46093.0,1185,592,593,593,0,20,55466.0,351,175,176,176,0,14,16885.0,23,11,12,12,0,6,1241.0,363,181,182,182,0,15,17201.0,307,153,154,154,0,15,14744.0,1075,537,538,538,0,21,51435.0,195,97,98,98,0,12,9379.0,1493,746,747,747,0,21,68398.0,73,36,37,37,0,9,3439.0,423,211,212,212,0,16,19786.0,903,451,452,452,0,18,43613.0,319,159,160,160,0,15,16473.0,433,216,217,217,0,16,20026.0,47,23,24,24,0,10,1899.0,2577,1288,1289,1289,0,23,120526.0
26200,1905,952,953,953,0,21,92749.0,331,165,166,166,0,21,16775.0,1431,715,716,716,0,21,71799.0,145,72,73,73,0,15,6069.0,989,494,495,495,0,19,46685.0,1207,603,604,604,0,20,56112.0,365,182,183,183,0,14,17509.0,35,17,18,18,0,7,1872.0,373,186,187,187,0,15,17788.0,313,156,157,157,0,15,15293.0,1089,544,545,545,0,21,52048.0,209,104,105,105,0,12,9961.0,1523,761,762,762,0,21,69022.0,85,42,43,43,0,10,4017.0,443,221,222,222,0,16,20351.0,919,459,460,460,0,18,44237.0,333,166,167,167,0,15,17055.0,443,221,222,222,0,16,20609.0,57,28,29,29,0,11,2515.0,2585,1292,1293,1293,0,23,121119.0
26300,1921,960,961,961,0,21,93367.0,339,169,170,170,0,21,17385.0,1445,722,723,723,0,21,72426.0,155,77,78,78,0,15,6680.0,1011,505,506,506,0,19,47297.0,1225,612,613,613,0,20,56731.0,371,185,186,186,0,14,18130.0,51,25,26,26,0,9,2458.0,385,192,193,193,0,15,18369.0,323,161,162,162,0,15,15893.0,1107,553,554,554,0,21,52649.0,227,113,114,114,0,12,10537.0,1539,769,770,770,0,21,69658.0,105,52,53,53,0,10,4559.0,453,226,227,227,0,16,20960.0,929,464,465,465,0,18,44825.0,339,169,170,170,0,15,17651.0,453,226,227,227,0,16,21219.0,67,33,34,34,0,12,3107.0,2609,1304,1305,1305,0,23,121754.0
26400,1935,967,968,968,0,21,93959.0,353,176,177,177,0,21,17961.0,1455,727,728,728,0,21,73024.0,163,81,82,82,0,15,7279.0,1021,510,511,511,0,19,47901.0,1239,619,620,620,0,20,57339.0,383,191,192,192,0,14,18739.0,65,32,33,33,0,9,3066.0,403,201,202,202,0,16,18987.0,333,166,167,167,0,16,16513.0,1127,563,564,564,0,21,53263.0,241,120,121,121,0,12,11098.0,1553,776,777,777,0,21,70262.0,113,56,57,57,0,10,5160.0,467,233,234,234,0,16,21557.0,945,472,473,473,0,18,45470.0,351,175,176,176,0,15,18218.0,463,231,232,232,0,17,21832.0,75,37,38,38,0,12,3683.0,2621,1310,1311,1311,0,23,122339.0
26500,1955,977,978,978,0,21,94533.0,361,180,181,181,0,21,18561.0,1465,732,733,733,0,21,73648.0,173,86,87,87,0,16,7860.0,1033,516,517,517,0,19,48556.0,1245,622,623,623,0,20,57929.0,397,198,199,199,0,15,19307.0,71,35,36,36,0,10,3680.0,411,205,206,206,0,16,19582.0,353,176,177,177,0,16,17110.0,1137,568,569,569,0,21,53880.0,261,130,131,131,0,12,11699.0,1561,780,781,781,0,21,70867.0,125,62,63,63,0,10,5761.0,475,237,238,238,0,16,22127.0,959,479,480,480,0,18,46055.0,365,182,183,183,0,15,18828.0,473,236,237,237,0,17,22436.0,89,44,45,45,0,12,4306.0,2635,1317,1318,1318,0,23,122951.0
26600,1963,981,982,982,0,21,95134.0,375,187,188,188,0,21,19197.0,1487,743,744,744,0,21,74268.0,189,94,95,95,0,16,8490.0,1043,521,522,522,0,19,49144.0,1253,626,627,627,0,20,58536.0,405,202,203,203,0,15,19924.0,79,39,40,40,0,10,4289.0,431,215,216,216,0,16,20174.0,365,182,183,183,0,17,17692.0,1147,573,574,574,0,21,54497.0,271,135,136,136,0,12,12328.0,1575,787,788,788,0,22,71509.0,129,64,65,65,0,10,6363.0,485,242,243,243,0,17,22738.0,973,486,487,487,0,19,46644.0,377,188,189,189,0,16,19407.0,483,241,242,242,0,17,23066.0,105,52,53,53,0,13,4902.0,2649,1324,1325,1325,0,23,123560.0
26700,1973,986,987,987,0,21,95772.0,393,196,197,197,0,22,19787.0,1501,750,751,751,0,21,74874.0,209,104,105,105,0,16,9115.0,1051,525,526,526,0,19,49713.0,1265,632,633,633,0,20,59127.0,415,207,208,208,0,15,20517.0,93,46,47,47,0,10,4881.0,441,220,221,221,0,16,20774.0,377,188,189,189,0,17,18320.0,1159,579,580,580,0,21,55104.0,277,138,139,139,0,13,12928.0,1581,790,791,791,0,22,72113.0,151,75,76,76,0,11,6996.0,503,251,252,252,0,17,23358.0,981,490,491,491,0,19,47232.0,383,191,192,192,0,16,19993.0,485,242,243,243,0,17,23651.0,117,58,59,59,0,14,5504.0,2659,1329,1330,1330,0,23,124163.0
26800,1985,992,993,993,0,21,96358.0,403,201,202,202,0,22,20439.0,1523,761,762,762,0,21,75497.0,227,113,114,114,0,16,9742.0,1059,529,530,530,0,19,50299.0,1277,638,639,639,0,20,59734.0,427,213,214,214,0,15,21062.0,103,51,52,52,0,10,5439.0,453,226,227,227,0,16,21371.0,385,192,193,193,0,17,18973.0,1173,586,587,587,0,21,55700.0,291,145,146,146,0,13,13526.0,1593,796,797,797,0,22,72717.0,165,82,83,83,0,11,7597.0,509,254,255,255,0,17,23952.0,995,497,498,498,0,19,47851.0,395,197,198,198,0,16,20618.0,495,247,248,248,0,17,24268.0,127,63,64,64,0,14,6153.0,2677,1338,1339,1339,0,23,124785.0
26900,1995,997,998,998,0,21,96970.0,417,208,209,209,0,22,21000.0,1537,768,769,769,0,21,76146.0,235,117,118,118,0,16,10320.0,1077,538,539,539,0,19,50912.0,1293,646,647,647,0,20,60368.0,443,221,222,222,0,15,21668.0,113,56,57,57,0,11,6030.0,467,233,234,234,0,16,21977.0,395,197,198,198,0,17,19545.0,1187,593,594,594,0,21,56264.0,305,152,153,153,0,13,14147.0,1605,802,803,803,0,22,73311.0,171,85,86,86,0,11,8148.0,525,262,263,263,0,17,24569.0,1001,500,501,501,0,19,48465.0,403,201,202,202,0,16,21235.0,507,253,254,254,0,17,24874.0,11,5,6,6,0,5,513.0,2683,1341,1342,1342,0,23,125411.0
27000,2007,1003,1004,1004,0,21,97561.0,431,215,216,216,0,22,21587.0,1547,773,774,774,0,21,76757.0,247,123,124,124,0,16,10917.0,1085,542,543,543,0,19,51560.0,1295,647,648,648,0,20,60965.0,451,225,226,226,0,15,22293.0,131,65,66,66,0,11,6563.0,487,243,244,244,0,17,22606.0,401,200,201,201,0,17,20149.0,1197,598,599,599,0,21,56885.0,317,158,159,159,0,13,14701.0,1623,811,812,812,0,22,73879.0,181,90,91,91,0,12,8742.0,533,266,267,267,0,17,25166.0,1021,510,511,511,0,19,49140.0,417,208,209,209,0,16,21839.0,527,263,264,264,0,17,25463.0,25,12,13,13,0,7,1100.0,2713,1356,1357,1357,0,23,126043.0
27100,2017,1008,1009,1009,0,21,98170.0,449,224,225,225,0,22,22203.0,1557,778,779,779,0,21,77323.0,255,127,128,128,0,16,11496.0,1103,551,552,552,0,19,52151.0,1307,653,654,654,0,20,61578.0,467,233,234,234,0,16,22897.0,135,67,68,68,0,11,7173.0,495,247,248,248,0,17,23188.0,411,205,206,206,0,17,20761.0,1223,611,612,612,0,21,57441.0,329,164,165,165,0,13,15317.0,1629,814,815,815,0,22,74451.0,195,97,98,98,0,12,9353.0,555,277,278,278,0,17,25707.0,1031,515,516,516,0,19,49771.0,425,212,213,213,0,16,22449.0,537,268,269,269,0,17,26056.0,35,17,18,18,0,8,1675.0,2723,1361,1362,1362,0,23,126676.0
27200,2029,1014,1015,1015,0,21,98801.0,467,233,234,234,0,22,22841.0,1565,782,783,783,0,21,77947.0,261,130,131,131,0,16,12079.0,1115,557,558,558,0,19,52767.0,1323,661,662,662,0,20,62187.0,481,240,241,241,0,16,23507.0,145,72,73,73,0,11,7744.0,515,257,258,258,0,17,23817.0,427,213,214,214,0,17,21390.0,1225,612,613,613,0,21,58052.0,341,170,171,171,0,13,15945.0,1635,817,818,818,0,22,75044.0,209,104,105,105,0,12,9950.0,565,282,283,283,0,17,26333.0,1051,525,526,526,0,19,50326.0,439,219,220,220,0,16,23043.0,549,274,275,275,0,17,26617.0,45,22,23,23,0,9,2241.0,2739,1369,1370,1370,0,23,127266.0
27300,2041,1020,1021,1021,0,21,99388.0,475,237,238,238,0,22,23430.0,1575,787,788,788,0,21,78486.0,277,138,139,139,0,16,12710.0,1127,563,564,564,0,19,53357.0,1339,669,670,670,0,20,62796.0,491,245,246,246,0,16,24113.0,163,81,82,82,0,12,8337.0,521,260,261,261,0,17,24393.0,433,216,217,217,0,17,21995.0,1235,617,618,618,0,21,58647.0,353,176,177,177,0,13,16547.0,1655,827,828,828,0,22,75629.0,229,114,115,115,0,12,10560.0,569,284,285,285,0,17,26932.0,1059,529,530,530,0,19,50938.0,451,225,226,226,0,16,23628.0,555,277,278,278,0,17,27205.0,57,28,29,29,0,10,2842.0,2749,1374,1375,1375,0,23,127851.0
27400,2047,1023,1024,1024,0,21,99996.0,489,244,245,245,0,22,24009.0,1583,791,792,792,0,21,79101.0,291,145,146,146,0,16,13290.0,1137,568,569,569,0,19,53927.0,1351,675,676,676,0,20,63395.0,509,254,255,255,0,16,24697.0,177,88,89,89,0,12,8981.0,531,265,266,266,0,17,24984.0,447,223,224,224,0,17,22595.0,1243,621,622,622,0,21,59226.0,361,180,181,181,0,13,17136.0,1669,834,835,835,0,22,76214.0,241,120,121,121,0,12,11142.0,591,295,296,296,0,17,27562.0,1073,536,537,537,0,19,51501.0,477,238,239,239,0,16,24241.0,563,281,282,282,0,17,27799.0,71,35,36,36,0,10,3429.0,2771,1385,1386,1386,0,23,128428.0
27500,2061,1030,1031,1031,0,21,100598.0,511,255,256,256,0,22,24630.0,1593,796,797,797,0,21,79700.0,309,154,155,155,0,17,13874.0,1147,573,574,574,0,19,54528.0,1369,684,685,685,0,20,63997.0,521,260,261,261,0,16,25267.0,187,93,94,94,0,12,9611.0,543,271,272,272,0,17,25619.0,463,231,232,232,0,17,23220.0,1253,626,627,627,0,21,59822.0,367,183,184,184,0,13,17773.0,1677,838,839,839,0,22,76838.0,259,129,130,130,0,13,11767.0,603,301,302,302,0,17,28180.0,1077,538,539,539,0,19,52116.0,487,243,244,244,0,16,24843.0,577,288,289,289,0,17,28375.0,83,41,42,42,0,11,4041.0,2787,1393,1394,1394,0,23,129060.0
27600,2069,1034,1035,1035,0,21,101226.0,531,265,266,266,0,23,25222.0,1609,804,805,805,0,21,80295.0,319,159,160,160,0,17,14487.0,1159,579,580,580,0,19,55123.0,1383,691,692,692,0,20,64615.0,529,264,265,265,0,16,25867.0,203,101,102,102,0,13,10260.0,567,283,284,284,0,17,26198.0,481,240,241,241,0,18,23797.0,1261,630,631,631,0,21,60423.0,381,190,191,191,0,14,18355.0,1683,841,842,842,0,22,77449.0,267,133,134,134,0,13,12329.0,619,309,310,310,0,17,28773.0,1095,547,548,548,0,19,52712.0,507,253,254,254,0,16,25407.0,605,302,303,303,0,17,29026.0,107,53,54,54,0,12,4624.0,2799,1399,1400,1400,0,23,129708.0
27700,2081,1040,1041,1041,0,21,101836.0,539,269,270,270,0,23,25820.0,1627,813,814,814,0,21,80900.0,335,167,168,168,0,17,15061.0,1179,589,590,590,0,19,55737.0,1387,693,694,694,0,20,65191.0,539,269,270,270,0,16,26430.0,221,110,111,111,0,13,10857.0,583,291,292,292,0,17,26829.0,183,91,92,92,0,14,8724.0,1267,633,634,634,0,21,60993.0,391,195,196,196,0,14,18987.0,1695,847,848,848,0,22,78093.0,281,140,141,141,0,13,12930.0,635,317,318,318,0,17,29357.0,1107,553,554,554,0,19,53315.0,513,256,257,257,0,16,26039.0,621,310,311,311,0,17,29595.0,111,55,56,56,0,12,5176.0,2809,1404,1405,1405,0,23,130278.0
27800,2105,1052,1053,1053,0,21,102429.0,549,274,275,275,0,23,26367.0,1633,816,817,817,0,21,81483.0,345,172,173,173,0,17,15641.0,1195,597,598,598,0,19,56331.0,1395,697,698,698,0,20,65822.0,549,274,275,275,0,16,27017.0,9,4,5,5,0,5,323.0,585,292,293,293,0,17,27428.0,197,98,99,99,0,14,9348.0,1279,639,640,640,0,21,61580.0,415,207,208,208,0,14,19534.0,1701,850,851,851,0,22,78680.0,285,142,143,143,0,13,13524.0,649,324,325,325,0,17,29947.0,1121,560,561,561,0,19,53943.0,517,258,259,259,0,16,26601.0,633,316,317,317,0,17,30182.0,125,62,63,63,0,12,5810.0,2821,1410,1411,1411,0,23,130864.0
27900,2121,1060,1061,1061,0,21,103045.0,221,110,111,111,0,13,10852.0,1645,822,823,823,0,21,82069.0,355,177,178,178,0,17,16215.0,1205,602,603,603,0,19,56947.0,1403,701,702,702,0,20,66435.0,561,280,281,281,0,16,27604.0,19,9,10,10,0,7,919.0,595,297,298,298,0,17,28016.0,211,105,106,106,0,14,9954.0,1285,642,643,643,0,21,62186.0,435,217,218,218,0,14,20157.0,1707,853,854,854,0,22,79271.0,301,150,151,151,0,13,14094.0,657,328,329,329,0,17,30509.0,1131,565,566,566,0,19,54534.0,535,267,268,268,0,17,27182.0,653,326,327,327,0,17,30807.0,71,35,36,36,0,9,3071.0,2841,1420,1421,1421,0,23,131514.0
28000,2129,1064,1065,1065,0,22,103667.0,237,118,119,119,0,13,11468.0,1657,828,829,829,0,21,82702.0,363,181,182,182,0,17,16839.0,1217,608,609,609,0,19,57540.0,1413,706,707,707,0,20,67013.0,577,288,289,289,0,16,28198.0,31,15,16,16,0,8,1508.0,609,304,305,305,0,17,28672.0,221,110,111,111,0,14,10539.0,1295,647,648,648,0,21,62784.0,449,224,225,225,0,14,20745.0,1719,859,860,860,0,22,79897.0,313,156,157,157,0,13,14694.0,671,335,336,336,0,17,31124.0,1145,572,573,573,0,19,55179.0,547,273,274,274,0,17,27798.0,669,334,335,335,0,17,31439.0,81,40,41,41,0,10,3642.0,2849,1424,1425,1425,0,23,132152.0
28100,2149,1074,1075,1075,0,22,104279.0,245,122,123,123,0,13,12036.0,1671,835,836,836,0,21,83301.0,377,188,189,189,0,18,17443.0,1223,611,612,612,0,19,58092.0,1421,710,711,711,0,20,67630.0,601,300,301,301,0,17,28822.0,41,20,21,21,0,9,2102.0,643,321,322,322,0,18,29263.0,235,117,118,118,0,14,11144.0,1305,652,653,653,0,21,63400.0,461,230,231,231,0,14,21336.0,1737,868,869,869,0,22,80509.0,329,164,165,165,0,14,15266.0,693,346,347,347,0,17,31727.0,1157,578,579,579,0,20,55771.0,563,281,282,282,0,17,28426.0,671,335,336,336,0,17,32055.0,95,47,48,48,0,10,4293.0,2861,1430,1431,1431,0,23,132731.0
28200,2155,1077,1078,1078,0,22,104883.0,257,128,129,129,0,14,12616.0,1683,841,842,842,0,21,83899.0,387,193,194,194,0,18,18077.0,1233,616,617,617,0,19,58667.0,1443,721,722,722,0,20,68243.0,611,305,306,306,0,17,29405.0,55,27,28,28,0,9,2685.0,661,330,331,331,0,18,29924.0,245,122,123,123,0,15,11727.0,1311,655,656,656,0,21,64000.0,471,235,236,236,0,14,21929.0,1749,874,875,875,0,22,81056.0,341,170,171,171,0,14,15819.0,701,350,351,351,0,17,32351.0,1165,582,583,583,0,20,56362.0,575,287,288,288,0,17,28989.0,683,341,342,342,0,17,32658.0,103,51,52,52,0,11,4880.0,2869,1434,1435,1435,0,23,133315.0
28300,2163,1081,1082,1082,0,22,105488.0,263,131,132,132,0,14,13204.0,1691,845,846,846,0,21,84516.0,395,197,198,198,0,18,18657.0,1247,623,624,624,0,19,59224.0,1451,725,726,726,0,20,68855.0,613,306,307,307,0,17,30009.0,71,35,36,36,0,10,3289.0,673,336,337,337,0,18,30496.0,261,130,131,131,0,15,12332.0,1327,663,664,664,0,21,64634.0,487,243,244,244,0,14,22539.0,1767,883,884,884,0,22,81638.0,353,176,177,177,0,14,16430.0,717,358,359,359,0,17,32921.0,1181,590,591,591,0,20,56943.0,585,292,293,293,0,17,29584.0,695,347,348,348,0,17,33247.0,125,62,63,63,0,11,5469.0,2879,1439,1440,1440,0,23,133884.0
28400,2179,1089,1090,1090,0,22,106094.0,271,135,136,136,0,14,13817.0,1711,855,856,856,0,21,85125.0,409,204,205,205,0,18,19254.0,1261,630,631,631,0,19,59807.0,1469,734,735,735,0,20,69466.0,623,311,312,312,0,17,30609.0,13,6,7,7,0,5,685.0,681,340,341,341,0,18,31077.0,281,140,141,141,0,15,12948.0,1335,667,668,668,0,21,65201.0,501,250,251,251,0,14,23138.0,1775,887,888,888,0,22,82283.0,45,22,23,23,0,8,1888.0,737,368,369,369,0,17,33528.0,1193,596,597,597,0,20,57530.0,31,15,16,16,0,7,1511.0,703,351,352,352,0,17,33780.0,133,66,67,67,0,11,6081.0,2887,1443,1444,1444,0,23,134457.0
28500,2191,1095,1096,1096,0,22,106686.0,287,143,144,144,0,14,14415.0,1729,864,865,865,0,21,85745.0,419,209,210,210,0,18,19825.0,1273,636,637,637,0,20,60424.0,1481,740,741,741,0,20,70059.0,631,315,316,316,0,17,31198.0,27,13,14,14,0,8,1291.0,693,346,347,347,0,18,31634.0,291,145,146,146,0,15,13587.0,1343,671,672,672,0,22,65839.0,515,257,258,258,0,15,23744.0,1785,892,893,893,0,22,82894.0,55,27,28,28,0,9,2492.0,745,372,373,373,0,17,34146.0,1201,600,601,601,0,20,58133.0,45,22,23,23,0,8,2107.0,713,356,357,357,0,17,34370.0,149,74,75,75,0,11,6703.0,2903,1451,1452,1452,0,23,135070.0
28600,2201,1100,1101,1101,0,22,107308.0,299,149,150,150,0,14,15036.0,1739,869,870,870,0,21,86309.0,427,213,214,214,0,18,20402.0,1281,640,641,641,0,20,61059.0,1491,745,746,746,0,20,70649.0,641,320,321,321,0,17,31808.0,39,19,20,20,0,10,1931.0,705,352,353,353,0,18,32238.0,293,146,147,147,0,15,14144.0,1363,681,682,682,0,22,66429.0,521,260,261,261,0,15,24320.0,1799,899,900,900,0,22,83525.0,63,31,32,32,0,9,3065.0,751,375,376,376,0,18,34707.0,1213,606,607,607,0,20,58729.0,55,27,28,28,0,9,2699.0,727,363,364,364,0,18,34959.0,155,77,78,78,0,11,7291.0,2929,1464,1465,1465,0,23,135712.0
28700,2223,1111,1112,1112,0,22,107909.0,315,157,158,158,0,14,15650.0,1745,872,873,873,0,21,86908.0,443,221,222,222,0,18,20988.0,1297,648,649,649,0,20,61668.0,1507,753,754,754,0,20,71266.0,659,329,330,330,0,17,32371.0,53,26,27,27,0,11,2570.0,719,359,360,360,0,18,32785.0,305,152,153,153,0,16,14760.0,1379,689,690,690,0,22,67061.0,179,89,90,90,0,12,8319.0,1817,908,909,909,0,22,84125.0,81,40,41,41,0,10,3670.0,759,379,380,380,0,18,35311.0,1227,613,614,614,0,20,59282.0,63,31,32,32,0,10,3282.0,735,367,368,368,0,18,35530.0,175,87,88,88,0,12,7877.0,2941,1470,1471,1471,0,23,136259.0
28800,2239,1119,1120,1120,0,22,108519.0,323,161,162,162,0,14,16246.0,1755,877,878,878,0,21,87480.0,455,227,228,228,0,18,21595.0,1311,655,656,656,0,20,62248.0,1519,759,760,760,0,20,71883.0,677,338,339,339,0,17,32932.0,59,29,30,30,0,11,3148.0,729,364,365,365,0,18,33417.0,311,155,156,156,0,16,15389.0,1395,697,698,698,0,22,67657.0,189,94,95,95,0,12,8935.0,1829,914,915,915,0,22,84784.0,101,50,51,51,0,11,4299.0,769,384,385,385,0,18,35948.0,1243,621,622,622,0,20,59879.0,79,39,40,40,0,12,3912.0,749,374,375,375,0,18,36166.0,193,96,97,97,0,12,8459.0,2953,1476,1477,1477,0,23,136850.0
28900,2241,1120,1121,1121,0,22,109107.0,337,168,169,169,0,14,16859.0,1771,885,886,886,0,21,88113.0,465,232,233,233,0,19,22187.0,1327,663,664,664,0,20,62844.0,1533,766,767,767,0,20,72451.0,687,343,344,344,0,17,33535.0,73,36,37,37,0,11,3751.0,737,368,369,369,0,18,34004.0,323,161,162,162,0,16,15979.0,1403,701,702,702,0,22,68229.0,207,103,104,104,0,12,9500.0,1843,921,922,922,0,22,85383.0,107,53,54,54,0,11,4878.0,779,389,390,390,0,18,36531.0,1255,627,628,628,0,20,60490.0,87,43,44,44,0,13,4458.0,761,380,381,381,0,18,36762.0,205,102,103,103,0,12,9041.0,2957,1478,1479,1479,0,23,137466.0
29000,2249,1124,1125,1125,0,22,109711.0,347,173,174,174,0,14,17427.0,1785,892,893,893,0,21,88718.0,471,235,236,236,0,19,22781.0,1337,668,669,669,0,20,63434.0,1541,770,771,771,0,20,73046.0,697,348,349,349,0,17,34106.0,87,43,44,44,0,12,4318.0,751,375,376,376,0,18,34629.0,335,167,168,168,0,16,16517.0,1417,708,709,709,0,22,68805.0,219,109,110,110,0,12,10126.0,1867,933,934,934,0,22,86017.0,113,56,57,57,0,11,5436.0,787,393,394,394,0,18,37142.0,1269,634,635,635,0,20,61103.0,107,53,54,54,0,14,5038.0,769,384,385,385,0,18,37353.0,213,106,107,107,0,12,9631.0,2967,1483,1484,1484,0,23,138045.0
29100,2257,1128,1129,1129,0,22,110321.0,359,179,180,180,0,14,18008.0,1803,901,902,902,0,21,89308.0,249,124,125,125,0,16,11302.0,1353,676,677,677,0,20,64041.0,1551,775,776,776,0,20,73627.0,709,354,355,355,0,17,34693.0,101,50,51,51,0,13,4898.0,771,385,386,386,0,18,35232.0,343,171,172,172,0,16,17126.0,1427,713,714,714,0,22,69427.0,231,115,116,116,0,12,10736.0,1881,940,941,941,0,22,86649.0,131,65,66,66,0,12,6052.0,801,400,401,401,0,18,37768.0,1281,640,641,641,0,20,61709.0,115,57,58,58,0,15,5634.0,781,390,391,391,0,18,37930.0,227,113,114,114,0,13,10203.0,2979,1489,1490,1490,0,23,138681.0
29200,2267,1133,1134,1134,0,22,110964.0,371,185,186,186,0,14,18630.0,1813,906,907,907,0,22,89922.0,261,130,131,131,0,16,11938.0,1369,684,685,685,0,20,64661.0,1557,778,779,779,0,20,74233.0,719,359,360,360,0,17,35244.0,117,58,59,59,0,13,5478.0,779,389,390,390,0,18,35846.0,357,178,179,179,0,16,17705.0,1437,718,719,719,0,22,70050.0,239,119,120,120,0,12,11359.0,1893,946,947,947,0,22,87225.0,143,71,72,72,0,12,6618.0,821,410,411,411,0,18,38382.0,1293,646,647,647,0,20,62310.0,129,64,65,65,0,15,6258.0,791,395,396,396,0,18,38565.0,241,120,121,121,0,13,10858.0,2987,1493,1494,1494,0,23,139227.0
29300,2279,1139,1140,1140,0,22,111557.0,377,188,189,189,0,14,19217.0,1819,909,910,910,0,22,90536.0,273,136,137,137,0,16,12505.0,1377,688,689,689,0,20,65269.0,1571,785,786,786,0,20,74808.0,729,364,365,365,0,17,35856.0,121,60,61,61,0,13,6064.0,793,396,397,397,0,18,36439.0,369,184,185,185,0,16,18272.0,1465,732,733,733,0,22,70671.0,249,124,125,125,0,13,11998.0,1903,951,952,952,0,22,87874.0,157,78,79,79,0,13,7223.0,843,421,422,422,0,18,38965.0,1305,652,653,653,0,20,62917.0,139,69,70,70,0,16,6843.0,805,402,403,403,0,18,39198.0,253,126,127,127,0,13,11434.0,2997,1498,1499,1499,0,23,139789.0
29400,2291,1145,1146,1146,0,22,112192.0,397,198,199,199,0,15,19817.0,1827,913,914,914,0,22,91108.0,285,142,143,143,0,16,13065.0,1391,695,696,696,0,20,65827.0,1585,792,793,793,0,20,75409.0,739,369,370,370,0,17,36489.0,135,67,68,68,0,14,6639.0,823,411,412,412,0,18,37001.0,385,192,193,193,0,17,18867.0,1485,742,743,743,0,22,71243.0,267,133,134,134,0,13,12573.0,1921,960,961,961,0,22,88507.0,173,86,87,87,0,13,7831.0,851,425,426,426,0,18,39536.0,1315,657,658,658,0,20,63528.0,153,76,77,77,0,16,7408.0,815,407,408,408,0,18,39822.0,271,135,136,136,0,13,12056.0,3015,1507,1508,1508,0,23,140407.0
29500,2299,1149,1150,1150,0,22,112790.0,417,208,209,209,0,15,20441.0,1847,923,924,924,0,22,91745.0,297,148,149,149,0,16,13678.0,1403,701,702,702,0,20,66432.0,1607,803,804,804,0,20,76023.0,753,376,377,377,0,17,37113.0,145,72,73,73,0,14,7284.0,829,414,415,415,0,18,37551.0,399,199,200,200,0,17,19454.0,1497,748,749,749,0,22,71827.0,279,139,140,140,0,13,13184.0,1931,965,966,966,0,22,89062.0,191,95,96,96,0,13,8434.0,857,428,429,429,0,18,40118.0,1329,664,665,665,0,20,64129.0,165,82,83,83,0,16,7961.0,825,412,413,413,0,18,40439.0,277,138,139,139,0,13,12647.0,3029,1514,1515,1515,0,23,141038.0
29600,2309,1154,1155,1155,0,22,113357.0,433,216,217,217,0,15,21026.0,1861,930,931,931,0,22,92353.0,307,153,154,154,0,16,14291.0,1419,709,710,710,0,20,67038.0,1617,808,809,809,0,20,76616.0,767,383,384,384,0,17,37657.0,163,81,82,82,0,14,7857.0,845,422,423,423,0,19,38177.0,407,203,204,204,0,17,20059.0,1511,755,756,756,0,22,72452.0,293,146,147,147,0,13,13775.0,1951,975,976,976,0,22,89689.0,193,96,97,97,0,13,9031.0,877,438,439,439,0,18,40670.0,1351,675,676,676,0,20,64713.0,179,89,90,90,0,17,8511.0,841,420,421,421,0,18,40988.0,285,142,143,143,0,13,13282.0,3053,1526,1527,1527,0,23,141636.0
29700,2315,1157,1158,1158,0,22,113968.0,447,223,224,224,0,15,21632.0,1867,933,934,934,0,22,92940.0,319,159,160,160,0,16,14875.0,1425,712,713,713,0,20,67608.0,1633,816,817,817,0,20,77246.0,789,394,395,395,0,17,38221.0,171,85,86,86,0,14,8465.0,855,427,428,428,0,19,38753.0,411,205,206,206,0,17,20656.0,1523,761,762,762,0,22,73015.0,317,158,159,159,0,13,14414.0,1967,983,984,984,0,22,90315.0,211,105,106,106,0,13,9616.0,889,444,445,445,0,18,41270.0,1359,679,680,680,0,20,65294.0,195,97,98,98,0,17,9111.0,849,424,425,425,0,18,41554.0,301,150,151,151,0,13,13884.0,3061,1530,1531,1531,0,23,142273.0
29800,2333,1166,1167,1167,0,22,114578.0,465,232,233,233,0,15,22253.0,1881,940,941,941,0,22,93527.0,327,163,164,164,0,17,15475.0,1445,722,723,723,0,20,68254.0,1647,823,824,824,0,20,77816.0,807,403,404,404,0,18,38836.0,187,93,94,94,0,14,9063.0,867,433,434,434,0,19,39331.0,435,217,218,218,0,17,21279.0,1541,770,771,771,0,22,73597.0,329,164,165,165,0,14,15004.0,1981,990,991,991,0,22,90892.0,227,113,114,114,0,13,10199.0,901,450,451,451,0,18,41911.0,1371,685,686,686,0,20,65867.0,203,101,102,102,0,17,9679.0,869,434,435,435,0,18,42131.0,317,158,159,159,0,13,14514.0,3071,1535,1536,1536,0,23,142886.0
29900,2341,1170,1171,1171,0,22,115164.0,475,237,238,238,0,15,22835.0,1897,948,949,949,0,22,94113.0,351,175,176,176,0,17,16084.0,1449,724,725,725,0,20,68828.0,1659,829,830,830,0,20,78423.0,819,409,410,410,0,18,39449.0,199,99,100,100,0,14,9701.0,881,440,441,441,0,19,39939.0,455,227,228,228,0,17,21901.0,1549,774,775,775,0,22,74212.0,343,171,172,172,0,14,15609.0,1989,994,995,995,0,22,91457.0,245,122,123,123,0,14,10840.0,917,458,459,459,0,18,42512.0,1381,690,691,691,0,20,66429.0,217,108,109,109,0,17,10304.0,885,442,443,443,0,19,42753.0,333,166,167,167,0,14,15138.0,3077,1538,1539,1539,0,23,143499.0
30000,2351,1175,1176,1176,0,22,115777.0,495,247,248,248,0,16,23399.0,1901,950,951,951,0,22,94668.0,363,181,182,182,0,17,16689.0,1461,730,731,731,0,20,69410.0,1667,833,834,834,0,20,79025.0,827,413,414,414,0,18,40065.0,215,107,108,108,0,14,10298.0,897,448,449,449,0,19,40545.0,467,233,234,234,0,18,22518.0,1563,781,782,782,0,22,74797.0,357,178,179,179,0,14,16196.0,2001,1000,1001,1001,0,22,92046.0,259,129,130,130,0,14,11426.0,923,461,462,462,0,18,43099.0,1385,692,693,693,0,20,67021.0,231,115,116,116,0,17,10909.0,897,448,449,449,0,19,43319.0,351,175,176,176,0,14,15770.0,3091,1545,1546,1546,0,23,144102.0
30100,2367,1183,1184,1184,0,22,116396.0,503,251,252,252,0,16,24015.0,1923,961,962,962,0,22,95280.0,375,187,188,188,0,17,17300.0,1483,741,742,742,0,20,70053.0,1669,834,835,835,0,20,79598.0,847,423,424,424,0,18,40667.0,231,115,116,116,0,14,10898.0,917,458,459,459,0,19,41189.0,477,238,239,239,0,18,23131.0,1575,787,788,788,0,22,75355.0,363,181,182,182,0,14,16818.0,2013,1006,1007,1007,0,22,92699.0,267,133,134,134,0,14,12030.0,931,465,466,466,0,18,43704.0,1397,698,699,699,0,20,67584.0,243,121,122,122,0,17,11471.0,913,456,457,457,0,19,43955.0,359,179,180,180,0,14,16399.0,3097,1548,1549,1549,0,23,144748.0
30200,2379,1189,1190,1190,0,22,117014.0,513,256,257,257,0,16,24576.0,1939,969,970,970,0,22,95906.0,391,195,196,196,0,17,17915.0,1489,744,745,745,0,20,70623.0,1685,842,843,843,0,20,80221.0,865,432,433,433,0,18,41255.0,5,2,3,3,0,3,280.0,927,463,464,464,0,19,41777.0,485,242,243,243,0,18,23719.0,1587,793,794,794,0,22,75938.0,375,187,188,188,0,14,17425.0,2027,1013,1014,1014,0,22,93290.0,275,137,138,138,0,14,12654.0,945,472,473,473,0,18,44276.0,1407,703,704,704,0,20,68206.0,257,128,129,129,0,18,12069.0,921,460,461,461,0,19,44538.0,371,185,186,186,0,14,17031.0,3101,1550,1551,1551,0,23,145345.0
30300,2387,1193,1194,1194,0,22,117626.0,523,261,262,262,0,16,25174.0,1943,971,972,972,0,22,96481.0,403,201,202,202,0,17,18506.0,1505,752,753,753,0,20,71260.0,1705,852,853,853,0,20,80813.0,875,437,438,438,0,18,41849.0,17,8,9,9,0,6,899.0,941,470,471,471,0,19,42395.0,499,249,250,250,0,18,24305.0,1601,800,801,801,0,22,76520.0,391,195,196,196,0,14,18027.0,2043,1021,1022,1022,0,22,93859.0,293,146,147,147,0,14,13259.0,961,480,481,481,0,18,44895.0,1415,707,708,708,0,20,68781.0,269,134,135,135,0,18,12685.0,935,467,468,468,0,19,45140.0,383,191,192,192,0,14,17621.0,3107,1553,1554,1554,0,23,145923.0
30400,2409,1204,1205,1205,0,22,118214.0,529,264,265,265,0,16,25757.0,1953,976,977,977,0,22,97111.0,415,207,208,208,0,17,19138.0,1523,761,762,762,0,20,71885.0,1717,858,859,859,0,20,81424.0,883,441,442,442,0,19,42416.0,27,13,14,14,0,7,1485.0,945,472,473,473,0,19,43010.0,509,254,255,255,0,18,24854.0,1617,808,809,809,0,22,77120.0,403,201,202,202,0,14,18647.0,2049,1024,1025,1025,0,22,94449.0,309,154,155,155,0,14,13871.0,977,488,489,489,0,18,45488.0,1429,714,715,715,0,20,69369.0,283,141,142,142,0,18,13336.0,951,475,476,476,0,19,45706.0,399,199,200,200,0,14,18189.0,3123,1561,1562,1562,0,23,146512.0
30500,2419,1209,1210,1210,0,22,118771.0,547,273,274,274,0,16,26352.0,1965,982,983,983,0,22,97749.0,429,214,215,215,0,17,19746.0,1531,765,766,766,0,20,72465.0,1729,864,865,865,0,20,82044.0,899,449,450,450,0,19,43011.0,41,20,21,21,0,8,2059.0,951,475,476,476,0,19,43533.0,523,261,262,262,0,18,25455.0,1625,812,813,813,0,22,77733.0,411,205,206,206,0,14,19225.0,2067,1033,1034,1034,0,22,95058.0,317,158,159,159,0,14,14465.0,989,494,495,495,0,18,46108.0,1441,720,721,721,0,20,69953.0,293,146,147,147,0,19,13933.0,963,481,482,482,0,19,46299.0,415,207,208,208,0,14,18827.0,3139,1569,1570,1570,0,23,147051.0
30600,2421,1210,1211,1211,0,22,119365.0,561,280,281,281,0,16,26941.0,1979,989,990,990,0,22,98350.0,441,220,221,221,0,17,20375.0,1543,771,772,772,0,20,73081.0,1743,871,872,872,0,20,82704.0,905,452,453,453,0,19,43615.0,53,26,27,27,0,9,2612.0,955,477,478,478,0,19,44147.0,527,263,264,264,0,18,26022.0,1641,820,821,821,0,22,78345.0,417,208,209,209,0,15,19862.0,2083,1041,1042,1042,0,22,95642.0,327,163,164,164,0,14,15048.0,1007,503,504,504,0,18,46703.0,1459,729,730,730,0,20,70550.0,305,152,153,153,0,19,14527.0,977,488,489,489,0,19,46896.0,427,213,214,214,0,14,19431.0,3149,1574,1575,1575,0,23,147655.0
30700,2429,1214,1215,1215,0,22,119963.0,573,286,287,287,0,16,27527.0,1987,993,994,994,0,22,98976.0,451,225,226,226,0,17,20955.0,1551,775,776,776,0,20,73681.0,1,0,1,1,0,1,34.0,921,460,461,461,0,19,44212.0,67,33,34,34,0,9,3205.0,963,481,482,482,0,19,44795.0,547,273,274,274,0,18,26642.0,1647,823,824,824,0,22,78926.0,431,215,216,216,0,15,20453.0,2095,1047,1048,1048,0,22,96245.0,345,172,173,173,0,14,15703.0,1019,509,510,510,0,18,47318.0,1471,735,736,736,0,20,71105.0,315,157,158,158,0,19,15131.0,989,494,495,495,0,19,47477.0,439,219,220,220,0,14,20040.0,3163,1581,1582,1582,0,23,148275.0
30800,2437,1218,1219,1219,0,22,120527.0,581,290,291,291,0,16,28121.0,1995,997,998,998,0,22,99609.0,463,231,232,232,0,17,21564.0,797,398,399,399,0,17,38531.0,13,6,7,7,0,5,616.0,929,464,465,465,0,19,44823.0,85,42,43,43,0,10,3800.0,973,486,487,487,0,19,45390.0,555,277,278,278,0,18,27219.0,1661,830,831,831,0,22,79542.0,447,223,224,224,0,15,21040.0,2103,1051,1052,1052,0,22,96819.0,359,179,180,180,0,14,16293.0,1025,512,513,513,0,18,47943.0,1481,740,741,741,0,20,71696.0,335,167,168,168,0,19,15705.0,999,499,500,500,0,19,48059.0,449,224,225,225,0,14,20621.0,3171,1585,1586,1586,0,23,148846.0
30900,2453,1226,1227,1227,0,22,121111.0,589,294,295,295,0,17,28728.0,2005,1002,1003,1003,0,22,100223.0,467,233,234,234,0,17,22137.0,815,407,408,408,0,17,39146.0,29,14,15,15,0,8,1246.0,935,467,468,468,0,19,45417.0,101,50,51,51,0,10,4373.0,985,492,493,493,0,19,45962.0,561,280,281,281,0,18,27802.0,1677,838,839,839,0,22,80167.0,459,229,230,230,0,15,21629.0,2125,1062,1063,1063,0,22,97432.0,369,184,185,185,0,14,16891.0,1039,519,520,520,0,18,48549.0,1495,747,748,748,0,20,72288.0,349,174,175,175,0,20,16303.0,1009,504,505,505,0,19,48659.0,463,231,232,232,0,14,21219.0,3177,1588,1589,1589,0,23,149438.0
31000,2461,1230,1231,1231,0,22,121727.0,607,303,304,304,0,17,29321.0,2013,1006,1007,1007,0,22,100838.0,481,240,241,241,0,17,22771.0,827,413,414,414,0,17,39713.0,49,24,25,25,0,9,1861.0,951,475,476,476,0,19,46049.0,111,55,56,56,0,10,4967.0,1001,500,501,501,0,19,46568.0,573,286,287,287,0,19,28391.0,1683,841,842,842,0,22,80738.0,477,238,239,239,0,15,22237.0,2135,1067,1068,1068,0,22,98037.0,389,194,195,195,0,15,17507.0,1049,524,525,525,0,18,49120.0,1507,753,754,754,0,20,72876.0,363,181,182,182,0,20,16900.0,1017,508,509,509,0,19,49226.0,485,242,243,243,0,15,21802.0,3187,1593,1594,1594,0,23,150054.0
31100,2471,1235,1236,1236,0,22,122363.0,629,314,315,315,0,17,29911.0,2027,1013,1014,1014,0,22,101435.0,507,253,254,254,0,18,23390.0,843,421,422,422,0,17,40313.0,57,28,29,29,0,9,2487.0,957,478,479,479,0,19,46612.0,125,62,63,63,0,11,5541.0,1015,507,508,508,0,19,47142.0,583,291,292,292,0,19,28973.0,1685,842,843,843,0,22,81353.0,485,242,243,243,0,15,22837.0,2147,1073,1074,1074,0,22,98662.0,397,198,199,199,0,15,18146.0,1063,531,532,532,0,18,49719.0,1517,758,759,759,0,21,73438.0,381,190,191,191,0,20,17498.0,1031,515,516,516,0,19,49821.0,499,249,250,250,0,15,22459.0,3201,1600,1601,1601,0,23,150691.0
31200,2485,1242,1243,1243,0,22,123003.0,647,323,324,324,0,17,30521.0,2037,1018,1019,1019,0,22,102016.0,515,257,258,258,0,18,24015.0,851,425,426,426,0,17,40886.0,69,34,35,35,0,10,3046.0,965,482,483,483,0,19,47214.0,125,62,63,63,0,11,6129.0,1033,516,517,517,0,19,47745.0,601,300,301,301,0,19,29599.0,1695,847,848,848,0,22,81964.0,501,250,251,251,0,15,23413.0,2147,1073,1074,1074,0,22,99228.0,403,201,202,202,0,15,18751.0,1075,537,538,538,0,18,50290.0,1531,765,766,766,0,21,74062.0,399,199,200,200,0,20,18102.0,1039,519,520,520,0,19,50420.0,33,16,17,17,0,8,1552.0,3215,1607,1608,1608,0,23,151257.0
31300,2497,1248,1249,1249,0,22,123618.0,659,329,330,330,0,17,31173.0,2053,1026,1027,1027,0,22,102638.0,527,263,264,264,0,18,24608.0,863,431,432,432,0,17,41503.0,83,41,42,42,0,11,3690.0,979,489,490,490,0,19,47807.0,147,73,74,74,0,11,6773.0,1057,528,529,529,0,19,48360.0,615,307,308,308,0,19,30173.0,1713,856,857,857,0,22,82565.0,519,259,260,260,0,15,24011.0,2165,1082,1083,1083,0,22,99826.0,407,203,204,204,0,15,19335.0,1101,550,551,551,0,18,50894.0,1557,778,779,779,0,21,74661.0,407,203,204,204,0,20,18681.0,1055,527,528,528,0,19,50971.0,41,20,21,21,0,8,2104.0,3231,1615,1616,1616,0,24,151840.0
31400,2513,1256,1257,1257,0,22,124207.0,671,335,336,336,0,17,31727.0,2061,1030,1031,1031,0,22,103256.0,543,271,272,272,0,18,25226.0,877,438,439,439,0,17,42156.0,97,48,49,49,0,11,4330.0,987,493,494,494,0,19,48376.0,171,85,86,86,0,12,7361.0,1071,535,536,536,0,19,48990.0,623,311,312,312,0,19,30762.0,1723,861,862,862,0,22,83138.0,533,266,267,267,0,15,24616.0,2179,1089,1090,1090,0,22,100447.0,417,208,209,209,0,15,19915.0,1117,558,559,559,0,18,51496.0,1571,785,786,786,0,21,75262.0,421,210,211,211,0,20,19302.0,1067,533,534,534,0,19,51555.0,51,25,26,26,0,9,2729.0,3243,1621,1622,1622,0,24,152419.0
31500,2529,1264,1265,1265,0,22,124773.0,691,345,346,346,0,17,32328.0,2077,1038,1039,1039,0,22,103868.0,555,277,278,278,0,18,25817.0,889,444,445,445,0,17,42761.0,109,54,55,55,0,11,4933.0,997,498,499,499,0,19,48988.0,183,91,92,92,0,12,7936.0,1081,540,541,541,0,19,49608.0,635,317,318,318,0,19,31363.0,1737,868,869,869,0,22,83717.0,555,277,278,278,0,15,25202.0,2185,1092,1093,1093,0,22,101022.0,427,213,214,214,0,15,20499.0,1129,564,565,565,0,18,52137.0,1579,789,790,790,0,21,75854.0,429,214,215,215,0,20,19911.0,1083,541,542,542,0,19,52205.0,69,34,35,35,0,10,3343.0,3263,1631,1632,1632,0,24,153065.0
31600,2535,1267,1268,1268,0,22,125406.0,701,350,351,351,0,18,32894.0,2087,1043,1044,1044,0,22,104462.0,569,284,285,285,0,18,26389.0,901,450,451,451,0,17,43342.0,125,62,63,63,0,12,5525.0,1009,504,505,505,0,19,49578.0,195,97,98,98,0,12,8563.0,1093,546,547,547,0,20,50186.0,651,325,326,326,0,19,31951.0,1753,876,877,877,0,22,84331.0,567,283,284,284,0,15,25805.0,2199,1099,1100,1100,0,22,101628.0,439,219,220,220,0,16,21091.0,1143,571,572,572,0,18,52729.0,1597,798,799,799,0,21,76431.0,447,223,224,224,0,20,20546.0,1091,545,546,546,0,19,52825.0,83,41,42,42,0,11,3933.0,3275,1637,1638,1638,0,24,153652.0
31700,2543,1271,1272,1272,0,22,126018.0,713,356,357,357,0,18,33456.0,2107,1053,1054,1054,0,22,105059.0,583,291,292,292,0,18,26937.0,907,453,454,454,0,17,43902.0,137,68,69,69,0,12,6146.0,1023,511,512,512,0,19,50190.0,209,104,105,105,0,13,9173.0,1105,552,553,553,0,20,50825.0,659,329,330,330,0,19,32553.0,1773,886,887,887,0,22,84948.0,579,289,290,290,0,16,26438.0,2207,1103,1104,1104,0,22,102268.0,459,229,230,230,0,16,21667.0,1151,575,576,576,0,18,53348.0,1609,804,805,805,0,21,77030.0,453,226,227,227,0,21,21203.0,1097,548,549,549,0,19,53443.0,89,44,45,45,0,11,4530.0,3285,1642,1643,1643,0,24,154254.0
31800,2561,1280,1281,1281,0,22,126617.0,719,359,360,360,0,18,34100.0,2127,1063,1064,1064,0,22,105639.0,597,298,299,299,0,18,27538.0,921,460,461,461,0,17,44497.0,151,75,76,76,0,13,6770.0,1031,515,516,516,0,20,50807.0,215,107,108,108,0,13,9767.0,1113,556,557,557,0,20,51374.0,671,335,336,336,0,19,33125.0,1783,891,892,892,0,22,85529.0,595,297,298,298,0,16,27014.0,2227,1113,1114,1114,0,22,102897.0,477,238,239,239,0,16,22265.0,1165,582,583,583,0,18,53957.0,1639,819,820,820,0,21,77682.0,467,233,234,234,0,21,21829.0,1115,557,558,558,0,19,54074.0,97,48,49,49,0,12,5129.0,3301,1650,1651,1651,0,24,154832.0
31900,2583,1291,1292,1292,0,22,127181.0,729,364,365,365,0,18,34698.0,2129,1064,1065,1065,0,22,106229.0,609,304,305,305,0,18,28131.0,935,467,468,468,0,17,45117.0,161,80,81,81,0,13,7356.0,1057,528,529,529,0,20,51438.0,239,119,120,120,0,13,10397.0,1131,565,566,566,0,20,51964.0,681,340,341,341,0,19,33690.0,1799,899,900,900,0,22,86177.0,601,300,301,301,0,16,27580.0,2241,1120,1121,1121,0,22,103564.0,495,247,248,248,0,16,22897.0,1171,585,586,586,0,18,54538.0,1641,820,821,821,0,21,78271.0,293,146,147,147,0,15,13968.0,1125,562,563,563,0,19,54719.0,117,58,59,59,0,12,5734.0,3315,1657,1658,1658,0,24,155425.0
32000,2593,1296,1297,1297,0,22,127789.0,747,373,374,374,0,18,35339.0,2139,1069,1070,1070,0,22,106831.0,623,311,312,312,0,18,28721.0,955,477,478,478,0,17,45728.0,173,86,87,87,0,13,7922.0,1071,535,536,536,0,20,52042.0,7,3,4,4,0,3,319.0,1141,570,571,571,0,20,52567.0,697,348,349,349,0,19,34264.0,1813,906,907,907,0,22,86804.0,607,303,304,304,0,16,28206.0,2253,1126,1127,1127,0,22,104206.0,509,254,255,255,0,16,23449.0,1183,591,592,592,0,18,55149.0,1655,827,828,828,0,21,78885.0,307,153,154,154,0,15,14573.0,1139,569,570,570,0,19,55286.0,125,62,63,63,0,12,6344.0,3327,1663,1664,1664,0,24,156026.0
32100,2615,1307,1308,1308,0,22,128397.0,759,379,380,380,0,18,35924.0,2155,1077,1078,1078,0,22,107437.0,635,317,318,318,0,18,29297.0,965,482,483,483,0,17,46302.0,185,92,93,93,0,14,8519.0,1077,538,539,539,0,20,52652.0,21,10,11,11,0,6,925.0,1153,576,577,577,0,20,53150.0,707,353,354,354,0,20,34855.0,1821,910,911,911,0,22,87416.0,609,304,305,305,0,16,28779.0,2271,1135,1136,1136,0,22,104780.0,521,260,261,261,0,16,24059.0,1193,596,597,597,0,18,55768.0,1661,830,831,831,0,21,79497.0,317,158,159,159,0,15,15175.0,1153,576,577,577,0,19,55892.0,133,66,67,67,0,12,6915.0,3331,1665,1666,1666,0,24,156600.0
32200,2625,1312,1313,1313,0,22,129032.0,767,383,384,384,0,18,36542.0,2169,1084,1085,1085,0,22,108041.0,641,320,321,321,0,18,29875.0,979,489,490,490,0,17,46934.0,197,98,99,99,0,14,9110.0,1097,548,549,549,0,20,53203.0,33,16,17,17,0,9,1525.0,1169,584,585,585,0,20,53768.0,721,360,361,361,0,20,35464.0,1837,918,919,919,0,22,88025.0,629,314,315,315,0,16,29366.0,2285,1142,1143,1143,0,22,105391.0,535,267,268,268,0,16,24637.0,1205,602,603,603,0,18,56425.0,1673,836,837,837,0,21,80052.0,329,164,165,165,0,15,15790.0,1163,581,582,582,0,19,56484.0,137,68,69,69,0,12,7491.0,3341,1670,1671,1671,0,24,157200.0
32300,2643,1321,1322,1322,0,22,129636.0,773,386,387,387,0,18,37155.0,2183,1091,1092,1092,0,22,108616.0,651,325,326,326,0,19,30474.0,991,495,496,496,0,17,47538.0,207,103,104,104,0,14,9721.0,103,51,52,52,0,11,4234.0,45,22,23,23,0,10,2136.0,1183,591,592,592,0,20,54354.0,733,366,367,367,0,20,36065.0,1849,924,925,925,0,22,88630.0,645,322,323,323,0,16,29970.0,2315,1157,1158,1158,0,22,105991.0,547,273,274,274,0,16,25242.0,1227,613,614,614,0,18,57043.0,1685,842,843,843,0,21,80643.0,339,169,170,170,0,16,16336.0,1185,592,593,593,0,20,57100.0,153,76,77,77,0,13,8101.0,3353,1676,1677,1677,0,24,157823.0
32400,2649,1324,1325,1325,0,22,130223.0,787,393,394,394,0,18,37807.0,2201,1100,1101,1101,0,22,109191.0,661,330,331,331,0,19,31070.0,1005,502,503,503,0,17,48160.0,217,108,109,109,0,14,10280.0,115,57,58,58,0,11,4852.0,55,27,28,28,0,11,2729.0,1187,593,594,594,0,20,54932.0,749,374,375,375,0,20,36684.0,1861,930,931,931,0,22,89185.0,655,327,328,328,0,16,30607.0,2323,1161,1162,1162,0,22,106558.0,557,278,279,279,0,16,25862.0,1233,616,617,617,0,18,57643.0,1695,847,848,848,0,21,81235.0,353,176,177,177,0,16,16956.0,1205,602,603,603,0,20,57693.0,167,83,84,84,0,13,8665.0,3367,1683,1684,1684,0,24,158427.0
32500,2657,1328,1329,1329,0,22,130803.0,805,402,403,403,0,18,38382.0,43,21,22,22,0,10,2432.0,673,336,337,337,0,19,31684.0,1015,507,508,508,0,17,48746.0,227,113,114,114,0,14,10888.0,133,66,67,67,0,12,5427.0,69,34,35,35,0,11,3359.0,1195,597,598,598,0,20,55562.0,759,379,380,380,0,20,37268.0,1871,935,936,936,0,22,89769.0,665,332,333,333,0,16,31213.0,2339,1169,1170,1170,0,22,107129.0,575,287,288,288,0,16,26473.0,1253,626,627,627,0,19,58286.0,1709,854,855,855,0,21,81860.0,363,181,182,182,0,16,17555.0,1219,609,610,610,0,20,58318.0,175,87,88,88,0,13,9276.0,3377,1688,1689,1689,0,24,159020.0
32600,2669,1334,1335,1335,0,22,131417.0,823,411,412,412,0,18,39008.0,59,29,30,30,0,11,3052.0,681,340,341,341,0,19,32288.0,1023,511,512,512,0,17,49375.0,245,122,123,123,0,15,11510.0,145,72,73,73,0,13,6012.0,87,43,44,44,0,12,3995.0,1207,603,604,604,0,20,56108.0,769,384,385,385,0,20,37889.0,37,18,19,19,0,7,1655.0,673,336,337,337,0,16,31803.0,2349,1174,1175,1175,0,22,107750.0,583,291,292,292,0,16,27029.0,1261,630,631,631,0,19,58894.0,1725,862,863,863,0,21,82427.0,389,194,195,195,0,16,18169.0,1233,616,617,617,0,20,58958.0,189,94,95,95,0,14,9854.0,3385,1692,1693,1693,0,24,159587.0
32700,2687,1343,1344,1344,0,22,132039.0,841,420,421,421,0,18,39618.0,69,34,35,35,0,11,3651.0,701,350,351,351,0,19,32882.0,1045,522,523,523,0,17,49918.0,257,128,129,129,0,15,12155.0,153,76,77,77,0,13,6581.0,97,48,49,49,0,12,4587.0,1219,609,610,610,0,20,56710.0,781,390,391,391,0,20,38504.0,45,22,23,23,0,7,2236.0,697,348,349,349,0,16,32347.0,2361,1180,1181,1181,0,22,108365.0,595,297,298,298,0,16,27622.0,1267,633,634,634,0,19,59488.0,1741,870,871,871,0,21,82986.0,403,201,202,202,0,16,18773.0,1249,624,625,625,0,20,59593.0,203,101,102,102,0,14,10431.0,3393,1696,1697,1697,0,24,160133.0
32800,2697,1348,1349,1349,0,22,132623.0,861,430,431,431,0,18,40225.0,83,41,42,42,0,12,4278.0,713,356,357,357,0,19,33460.0,1051,525,526,526,0,17,50524.0,265,132,133,133,0,15,12766.0,159,79,80,80,0,13,7147.0,113,56,57,57,0,12,5185.0,1225,612,613,613,0,20,57302.0,787,393,394,394,0,20,39084.0,55,27,28,28,0,8,2827.0,703,351,352,352,0,16,32963.0,2365,1182,1183,1183,0,22,108984.0,605,302,303,303,0,16,28221.0,1285,642,643,643,0,19,60091.0,1745,872,873,873,0,21,83587.0,419,209,210,210,0,16,19335.0,1257,628,629,629,0,20,60218.0,209,104,105,105,0,14,11028.0,3399,1699,1700,1700,0,24,160755.0
32900,2707,1353,1354,1354,0,22,133208.0,871,435,436,436,0,18,40810.0,101,50,51,51,0,12,4902.0,725,362,363,363,0,19,34012.0,1061,530,531,531,0,17,51103.0,275,137,138,138,0,15,13385.0,173,86,87,87,0,13,7782.0,67,33,34,34,0,13,3023.0,1241,620,621,621,0,20,57870.0,805,402,403,403,0,20,39704.0,67,33,34,34,0,8,3435.0,717,358,359,359,0,17,33552.0,2367,1183,1184,1184,0,22,109560.0,621,310,311,311,0,16,28809.0,1299,649,650,650,0,19,60728.0,1755,877,878,878,0,21,84189.0,427,213,214,214,0,16,19914.0,1271,635,636,636,0,20,60827.0,229,114,115,115,0,15,11625.0,3417,1708,1709,1709,0,24,161362.0
33000,2715,1357,1358,1358,0,22,133797.0,883,441,442,442,0,18,41440.0,117,58,59,59,0,13,5525.0,731,365,366,366,0,19,34596.0,1069,534,535,535,0,17,51655.0,287,143,144,144,0,15,13980.0,183,91,92,92,0,13,8370.0,81,40,41,41,0,15,3627.0,145,72,73,73,0,14,7324.0,823,411,412,412,0,20,40342.0,79,39,40,40,0,9,4026.0,733,366,367,367,0,17,34164.0,2381,1190,1191,1191,0,22,110179.0,631,315,316,316,0,16,29408.0,1315,657,658,658,0,19,61333.0,1763,881,882,882,0,21,84794.0,443,221,222,222,0,16,20543.0,1279,639,640,640,0,20,61424.0,233,116,117,117,0,15,12233.0,3431,1715,1716,1716,0,24,161971.0
33100,2719,1359,1360,1360,0,22,134386.0,893,446,447,447,0,18,42016.0,121,60,61,61,0,13,6118.0,747,373,374,374,0,19,35214.0,1083,541,542,542,0,17,52232.0,311,155,156,156,0,16,14571.0,193,96,97,97,0,13,9010.0,93,46,47,47,0,16,4250.0,157,78,79,79,0,14,7949.0,833,416,417,417,0,21,40962.0,85,42,43,43,0,9,4610.0,741,370,371,371,0,17,34766.0,2391,1195,1196,1196,0,22,110760.0,649,324,325,325,0,16,29988.0,1329,664,665,665,0,19,61882.0,1783,891,892,892,0,21,85377.0,457,228,229,229,0,16,21144.0,55,27,28,28,0,7,2804.0,251,125,126,126,0,15,12839.0,3443,1721,1722,1722,0,24,162574.0
33200,2727,1363,1364,1364,0,22,134987.0,909,454,455,455,0,18,42614.0,129,64,65,65,0,13,6718.0,761,380,381,381,0,19,35805.0,1091,545,546,546,0,17,52767.0,325,162,163,163,0,16,15185.0,219,109,110,110,0,14,9592.0,105,52,53,53,0,18,4817.0,161,80,81,81,0,14,8584.0,847,423,424,424,0,21,41565.0,109,54,55,55,0,10,5229.0,751,375,376,376,0,17,35409.0,2409,1204,1205,1205,0,22,111354.0,661,330,331,331,0,16,30585.0,1347,673,674,674,0,19,62504.0,1801,900,901,901,0,21,85995.0,471,235,236,236,0,16,21737.0,69,34,35,35,0,8,3397.0,271,135,136,136,0,15,13489.0,3463,1731,1732,1732,0,24,163145.0
33300,2749,1374,1375,1375,0,22,135552.0,917,458,459,459,0,18,43206.0,149,74,75,75,0,13,7336.0,775,387,388,388,0,19,36376.0,1105,552,553,553,0,17,53325.0,335,167,168,168,0,16,15757.0,239,119,120,120,0,14,10196.0,113,56,57,57,0,18,5382.0,175,87,88,88,0,15,9167.0,855,427,428,428,0,21,42128.0,121,60,61,61,0,11,5858.0,763,381,382,382,0,17,36014.0,2423,1211,1212,1212,0,22,112011.0,671,335,336,336,0,16,31204.0,1359,679,680,680,0,19,63157.0,1813,906,907,907,0,21,86586.0,481,240,241,241,0,16,22335.0,83,41,42,42,0,9,3983.0,277,138,139,139,0,15,14069.0,3481,1740,1741,1741,0,24,163776.0
33400,2763,1381,1382,1382,0,22,136185.0,927,463,464,464,0,18,43805.0,161,80,81,81,0,14,7968.0,785,392,393,393,0,19,36981.0,1119,559,560,560,0,17,53926.0,347,173,174,174,0,16,16327.0,245,122,123,123,0,14,10798.0,135,67,68,68,0,19,6031.0,187,93,94,94,0,15,9744.0,879,439,440,440,0,21,42752.0,133,66,67,67,0,12,6448.0,783,391,392,392,0,17,36598.0,2431,1215,1216,1216,0,22,112607.0,681,340,341,341,0,17,31805.0,1371,685,686,686,0,19,63762.0,1831,915,916,916,0,22,87209.0,497,248,249,249,0,17,22924.0,93,46,47,47,0,9,4595.0,291,145,146,146,0,16,14656.0,3499,1749,1750,1750,0,24,164405.0
33500,2777,1388,1389,1389,0,22,136792.0,941,470,471,471,0,18,44423.0,175,87,88,88,0,14,8545.0,799,399,400,400,0,19,37585.0,1127,563,564,564,0,17,54556.0,359,179,180,180,0,17,16932.0,253,126,127,127,0,14,11396.0,145,72,73,73,0,19,6648.0,199,99,100,100,0,15,10332.0,887,443,444,444,0,21,43336.0,143,71,72,72,0,12,7035.0,797,398,399,399,0,17,37221.0,2437,1218,1219,1219,0,22,113203.0,697,348,349,349,0,17,32399.0,1383,691,692,692,0,19,64333.0,1843,921,922,922,0,22,87800.0,511,255,256,256,0,17,23556.0,107,53,54,54,0,9,5184.0,301,150,151,151,0,16,15231.0,3521,1760,1761,1761,0,24,165000.0
33600,2791,1395,1396,1396,0,22,137362.0,945,472,473,473,0,19,45016.0,183,91,92,92,0,14,9099.0,817,408,409,409,0,19,38214.0,1135,567,568,568,0,17,55143.0,369,184,185,185,0,17,17541.0,267,133,134,134,0,15,11973.0,159,79,80,80,0,19,7195.0,207,103,104,104,0,15,10953.0,899,449,450,450,0,21,43961.0,157,78,79,79,0,12,7635.0,803,401,402,402,0,17,37822.0,2447,1223,1224,1224,0,22,113816.0,709,354,355,355,0,17,33011.0,1395,697,698,698,0,19,64937.0,1855,927,928,928,0,22,88399.0,523,261,262,262,0,17,24154.0,115,57,58,58,0,10,5767.0,317,158,159,159,0,16,15815.0,3533,1766,1767,1767,0,24,165642.0
33700,2813,1406,1407,1407,0,22,137938.0,955,477,478,478,0,19,45586.0,197,98,99,99,0,14,9683.0,827,413,414,414,0,19,38816.0,1151,575,576,576,0,17,55735.0,377,188,189,189,0,17,18147.0,279,139,140,140,0,15,12555.0,173,86,87,87,0,20,7806.0,231,115,116,116,0,15,11540.0,919,459,460,460,0,21,44557.0,165,82,83,83,0,13,8209.0,819,409,410,410,0,17,38431.0,2465,1232,1233,1233,0,22,114425.0,721,360,361,361,0,17,33609.0,1403,701,702,702,0,19,65506.0,1869,934,935,935,0,22,88987.0,539,269,270,270,0,18,24794.0,133,66,67,67,0,10,6407.0,337,168,169,169,0,16,16446.0,3543,1771,1772,1772,0,24,166285.0
33800,2827,1413,1414,1414,0,22,138515.0,979,489,490,490,0,19,46203.0,209,104,105,105,0,14,10291.0,847,423,424,424,0,19,39412.0,1163,581,582,582,0,17,56375.0,387,193,194,194,0,17,18759.0,289,144,145,145,0,15,13142.0,185,92,93,93,0,20,8381.0,237,118,119,119,0,15,12161.0,931,465,466,466,0,21,45170.0,181,90,91,91,0,13,8800.0,839,419,420,420,0,17,39038.0,2475,1237,1238,1238,0,22,115000.0,739,369,370,370,0,17,34223.0,1411,705,706,706,0,19,66078.0,1881,940,941,941,0,22,89524.0,549,274,275,275,0,18,25398.0,147,73,74,74,0,10,6971.0,349,174,175,175,0,16,17075.0,3565,1782,1783,1783,0,24,166901.0
33900,2839,1419,1420,1420,0,22,139095.0,991,495,496,496,0,19,46847.0,221,110,111,111,0,15,10914.0,855,427,428,428,0,19,39985.0,1177,588,589,589,0,17,56947.0,405,202,203,203,0,17,19378.0,303,151,152,152,0,15,13735.0,191,95,96,96,0,20,8968.0,253,126,127,127,0,16,12758.0,947,473,474,474,0,21,45776.0,191,95,96,96,0,13,9401.0,855,427,428,428,0,17,39633.0,2485,1242,1243,1243,0,22,115595.0,755,377,378,378,0,17,34872.0,1423,711,712,712,0,19,66644.0,1895,947,948,948,0,22,90143.0,557,278,279,279,0,18,26013.0,157,78,79,79,0,11,7559.0,355,177,178,178,0,17,17687.0,3577,1788,1789,1789,0,24,167539.0
34000,2859,1429,1430,1430,0,22,139674.0,1003,501,502,502,0,19,47466.0,231,115,116,116,0,15,11501.0,869,434,435,435,0,19,40588.0,1187,593,594,594,0,17,57564.0,423,211,212,212,0,17,19993.0,319,159,160,160,0,16,14330.0,199,99,100,100,0,20,9550.0,259,129,130,130,0,16,13355.0,957,478,479,479,0,21,46370.0,205,102,103,103,0,14,9997.0,865,432,433,433,0,17,40233.0,2487,1243,1244,1244,0,22,116229.0,763,381,382,382,0,17,35479.0,1435,717,718,718,0,19,67255.0,1901,950,951,951,0,22,90761.0,571,285,286,286,0,18,26654.0,173,86,87,87,0,11,8129.0,361,180,181,181,0,17,18279.0,3593,1796,1797,1797,0,24,168116.0
34100,2871,1435,1436,1436,0,22,140280.0,1015,507,508,508,0,19,48048.0,247,123,124,124,0,15,12092.0,877,438,439,439,0,19,41151.0,1197,598,599,599,0,17,58150.0,433,216,217,217,0,17,20589.0,337,168,169,169,0,16,14939.0,207,103,104,104,0,20,10142.0,277,138,139,139,0,16,13945.0,965,482,483,483,0,21,46979.0,223,111,112,112,0,14,10611.0,887,443,444,444,0,17,40880.0,2493,1246,1247,1247,0,22,116830.0,773,386,387,387,0,17,36093.0,1455,727,728,728,0,19,67843.0,1903,951,952,952,0,22,91359.0,583,291,292,292,0,18,27200.0,175,87,88,88,0,11,8712.0,383,191,192,192,0,17,18910.0,3607,1803,1804,1804,0,24,168746.0
34200,2881,1440,1441,1441,0,22,140887.0,1021,510,511,511,0,19,48666.0,263,131,132,132,0,15,12718.0,893,446,447,447,0,19,41731.0,1205,602,603,603,0,17,58693.0,453,226,227,227,0,18,21194.0,343,171,172,172,0,16,15523.0,221,110,111,111,0,21,10716.0,285,142,143,143,0,16,14517.0,977,488,489,489,0,22,47566.0,237,118,119,119,0,14,11205.0,903,451,452,452,0,17,41440.0,2501,1250,1251,1251,0,22,117407.0,789,394,395,395,0,17,36716.0,1465,732,733,733,0,19,68448.0,1917,958,959,959,0,22,91976.0,599,299,300,300,0,18,27840.0,189,94,95,95,0,12,9300.0,401,200,201,201,0,17,19494.0,3615,1807,1808,1808,0,24,169328.0
34300,2895,1447,1448,1448,0,22,141497.0,1029,514,515,515,0,19,49278.0,271,135,136,136,0,15,13283.0,907,453,454,454,0,20,42298.0,1215,607,608,608,0,17,59316.0,469,234,235,235,0,18,21808.0,351,175,176,176,0,16,16130.0,235,117,118,118,0,21,11325.0,309,154,155,155,0,16,15170.0,983,491,492,492,0,22,48195.0,245,122,123,123,0,14,11819.0,913,456,457,457,0,17,42048.0,2507,1253,1254,1254,0,22,118012.0,809,404,405,405,0,17,37322.0,1475,737,738,738,0,20,69029.0,1929,964,965,965,0,22,92563.0,609,304,305,305,0,18,28449.0,201,100,101,101,0,12,9953.0,417,208,209,209,0,17,20087.0,3621,1810,1811,1811,0,24,169930.0
34400,2903,1451,1452,1452,0,22,142051.0,1033,516,517,517,0,19,49858.0,283,141,142,142,0,16,13850.0,915,457,458,458,0,20,42925.0,1225,612,613,613,0,17,59916.0,487,243,244,244,0,18,22424.0,49,24,25,25,0,9,2308.0,255,127,128,128,0,21,11920.0,325,162,163,163,0,16,15807.0,991,495,496,496,0,22,48794.0,15,7,8,8,0,5,744.0,929,464,465,465,0,17,42640.0,2523,1261,1262,1262,0,22,118598.0,821,410,411,411,0,17,37930.0,1489,744,745,745,0,20,69636.0,1935,967,968,968,0,22,93164.0,619,309,310,310,0,18,29049.0,209,104,105,105,0,12,10569.0,427,213,214,214,0,17,20709.0,3633,1816,1817,1817,0,24,170498.0
34500,2923,1461,1462,1462,0,22,142644.0,1049,524,525,525,0,19,50486.0,293,146,147,147,0,16,14435.0,923,461,462,462,0,20,43535.0,1237,618,619,619,0,17,60515.0,491,245,246,246,0,18,23007.0,63,31,32,32,0,9,2929.0,273,136,137,137,0,21,12519.0,345,172,173,173,0,17,16444.0,1007,503,504,504,0,22,49387.0,33,16,17,17,0,8,1356.0,939,469,470,470,0,17,43213.0,2533,1266,1267,1267,0,22,119218.0,827,413,414,414,0,17,38510.0,1499,749,750,750,0,20,70221.0,1939,969,970,970,0,22,93765.0,629,314,315,315,0,18,29605.0,233,116,117,117,0,12,11167.0,435,217,218,218,0,17,21319.0,3641,1820,1821,1821,0,24,171057.0
34600,2933,1466,1467,1467,0,22,143220.0,1059,529,530,530,0,19,51130.0,307,153,154,154,0,16,14982.0,931,465,466,466,0,20,44131.0,1259,629,630,630,0,17,61061.0,511,255,256,256,0,18,23619.0,77,38,39,39,0,9,3482.0,285,142,143,143,0,21,13115.0,351,175,176,176,0,17,17001.0,1021,510,511,511,0,22,49979.0,49,24,25,25,0,9,1943.0,947,473,474,474,0,17,43791.0,2537,1268,1269,1269,0,22,119810.0,835,417,418,418,0,17,39112.0,1513,756,757,757,0,20,70791.0,1945,972,973,973,0,22,94367.0,641,320,321,321,0,18,30218.0,253,126,127,127,0,12,11784.0,443,221,222,222,0,17,21899.0,3655,1827,1828,1828,0,24,171647.0
34700,2945,1472,1473,1473,0,22,143825.0,1065,532,533,533,0,19,51718.0,321,160,161,161,0,16,15571.0,943,471,472,472,0,20,44699.0,1283,641,642,642,0,17,61704.0,521,260,261,261,0,18,24219.0,89,44,45,45,0,10,4102.0,295,147,148,148,0,21,13683.0,363,181,182,182,0,17,17587.0,1027,513,514,514,0,22,50565.0,63,31,32,32,0,10,2589.0,963,481,482,482,0,17,44400.0,2549,1274,1275,1275,0,22,120413.0,851,425,426,426,0,17,39750.0,1517,758,759,759,0,20,71393.0,1955,977,978,978,0,22,94981.0,649,324,325,325,0,18,30827.0,267,133,134,134,0,12,12407.0,449,224,225,225,0,17,22477.0,3667,1833,1834,1834,0,24,172223.0
34800,2955,1477,1478,1478,0,22,144395.0,1091,545,546,546,0,19,52368.0,335,167,168,168,0,16,16161.0,953,476,477,477,0,20,45281.0,1299,649,650,650,0,17,62311.0,535,267,268,268,0,18,24840.0,99,49,50,50,0,10,4713.0,311,155,156,156,0,22,14273.0,373,186,187,187,0,17,18166.0,1037,518,519,519,0,22,51151.0,71,35,36,36,0,10,3192.0,981,490,491,491,0,17,45013.0,2565,1282,1283,1283,0,22,121034.0,865,432,433,433,0,17,40372.0,1535,767,768,768,0,20,72022.0,1963,981,982,982,0,22,95593.0,665,332,333,333,0,18,31411.0,273,136,137,137,0,12,13020.0,465,232,233,233,0,17,23081.0,3681,1840,1841,1841,0,24,172811.0
34900,2969,1484,1485,1485,0,22,145000.0,1113,556,557,557,0,19,52964.0,349,174,175,175,0,16,16732.0,963,481,482,482,0,20,45885.0,1317,658,659,659,0,17,62888.0,549,274,275,275,0,18,25468.0,117,58,59,59,0,11,5291.0,327,163,164,164,0,22,14901.0,387,193,194,194,0,17,18754.0,1055,527,528,528,0,22,51767.0,89,44,45,45,0,10,3782.0,991,495,496,496,0,17,45643.0,2581,1290,1291,1291,0,22,121589.0,883,441,442,442,0,17,40923.0,477,238,239,239,0,17,23514.0,1969,984,985,985,0,22,96173.0,675,337,338,338,0,19,32019.0,287,143,144,144,0,13,13599.0,481,240,241,241,0,17,23693.0,3695,1847,1848,1848,0,24,173454.0
35000,2979,1489,1490,1490,0,22,145607.0,1127,563,564,564,0,19,53553.0,355,177,178,178,0,16,17324.0,969,484,485,485,0,20,46474.0,1325,662,663,663,0,17,63453.0,559,279,280,280,0,18,26052.0,133,66,67,67,0,12,5922.0,331,165,166,166,0,22,15533.0,391,195,196,196,0,17,19319.0,1067,533,534,534,0,22,52302.0,105,52,53,53,0,12,4372.0,1005,502,503,503,0,17,46273.0,2587,1293,1294,1294,0,22,122164.0,905,452,453,453,0,17,41509.0,485,242,243,243,0,17,24074.0,1979,989,990,990,0,22,96774.0,679,339,340,340,0,19,32624.0,293,146,147,147,0,13,14231.0,489,244,245,245,0,17,24267.0,3715,1857,1858,1858,0,24,174029.0
35100,2995,1497,1498,1498,0,22,146224.0,285,142,143,143,0,16,13161.0,361,180,181,181,0,16,17926.0,981,490,491,491,0,20,47019.0,1341,670,671,671,0,17,64095.0,571,285,286,286,0,18,26631.0,139,69,70,70,0,12,6467.0,339,169,170,170,0,22,16151.0,405,202,203,203,0,17,19922.0,1081,540,541,541,0,22,52881.0,121,60,61,61,0,12,4953.0,1025,512,513,513,0,17,46875.0,2601,1300,1301,1301,0,22,122816.0,915,457,458,458,0,17,42126.0,497,248,249,249,0,17,24660.0,1989,994,995,995,0,22,97387.0,689,344,345,345,0,19,33220.0,303,151,152,152,0,13,14859.0,493,246,247,247,0,17,24816.0,3725,1862,1863,1863,0,24,174609.0
35200,3001,1500,1501,1501,0,22,146807.0,289,144,145,145,0,16,13706.0,379,189,190,190,0,16,18558.0,995,497,498,498,0,20,47600.0,1363,681,682,682,0,18,64726.0,579,289,290,290,0,19,27244.0,147,73,74,74,0,12,7046.0,353,176,177,177,0,22,16750.0,423,211,212,212,0,17,20539.0,1095,547,548,548,0,22,53473.0,127,63,64,64,0,13,5553.0,1033,516,517,517,0,18,47481.0,2609,1304,1305,1305,0,22,123449.0,925,462,463,463,0,18,42715.0,511,255,256,256,0,17,25251.0,2001,1000,1001,1001,0,22,98004.0,697,348,349,349,0,19,33835.0,317,158,159,159,0,13,15486.0,507,253,254,254,0,17,25439.0,3735,1867,1868,1868,0,24,175182.0
35300,3021,1510,1511,1511,0,22,147427.0,307,153,154,154,0,16,14314.0,393,196,197,197,0,16,19147.0,1007,503,504,504,0,20,48204.0,1373,686,687,687,0,18,65335.0,589,294,295,295,0,19,27831.0,161,80,81,81,0,13,7657.0,365,182,183,183,0,22,17360.0,433,216,217,217,0,17,21135.0,1111,555,556,556,0,22,54072.0,129,64,65,65,0,13,6134.0,1037,518,519,519,0,18,48131.0,2623,1311,1312,1312,0,22,124046.0,951,475,476,476,0,18,43352.0,523,261,262,262,0,17,25872.0,2013,1006,1007,1007,0,22,98587.0,717,358,359,359,0,19,34469.0,331,165,166,166,0,13,16036.0,525,262,263,263,0,17,26025.0,3745,1872,1873,1873,0,24,175778.0
35400,3043,1521,1522,1522,0,23,148038.0,321,160,161,161,0,16,14908.0,409,204,205,205,0,17,19725.0,1023,511,512,512,0,20,48776.0,1397,698,699,699,0,18,65956.0,597,298,299,299,0,19,28433.0,169,84,85,85,0,13,8264.0,379,189,190,190,0,22,17985.0,459,229,230,230,0,17,21752.0,1135,567,568,568,0,22,54701.0,149,74,75,75,0,14,6752.0,1053,526,527,527,0,18,48768.0,2633,1316,1317,1317,0,22,124639.0,973,486,487,487,0,18,43944.0,535,267,268,268,0,17,26480.0,2031,1015,1016,1016,0,22,99210.0,737,368,369,369,0,19,35068.0,343,171,172,172,0,13,16622.0,539,269,270,270,0,17,26630.0,3755,1877,1878,1878,0,24,176305.0
35500,3059,1529,1530,1530,0,23,148648.0,343,171,172,172,0,16,15528.0,419,209,210,210,0,17,20350.0,1035,517,518,518,0,20,49359.0,1415,707,708,708,0,18,66542.0,605,302,303,303,0,19,29018.0,177,88,89,89,0,13,8843.0,393,196,197,197,0,22,18634.0,461,230,231,231,0,17,22351.0,1149,574,575,575,0,22,55308.0,161,80,81,81,0,14,7363.0,1067,533,534,534,0,18,49407.0,2661,1330,1331,1331,0,22,125264.0,985,492,493,493,0,18,44549.0,549,274,275,275,0,17,27086.0,2045,1022,1023,1023,0,22,99851.0,747,373,374,374,0,19,35693.0,355,177,178,178,0,13,17246.0,545,272,273,273,0,17,27194.0,3771,1885,1886,1886,0,24,176909.0
35600,3065,1532,1533,1533,0,23,149252.0,353,176,177,177,0,16,16118.0,431,215,216,216,0,17,20972.0,1043,521,522,522,0,20,49935.0,1425,712,713,713,0,18,67185.0,627,313,314,314,0,19,29626.0,187,93,94,94,0,13,9500.0,399,199,200,200,0,22,19215.0,477,238,239,239,0,17,22950.0,1167,583,584,584,0,22,55902.0,173,86,87,87,0,14,7975.0,1075,537,538,538,0,18,50001.0,2679,1339,1340,1340,0,22,125867.0,997,498,499,499,0,18,45129.0,561,280,281,281,0,17,27661.0,2053,1026,1027,1027,0,22,100489.0,765,382,383,383,0,19,36291.0,369,184,185,185,0,13,17828.0,563,281,282,282,0,18,27745.0,3789,1894,1895,1895,0,24,177504.0
35700,3075,1537,1538,1538,0,23,149889.0,361,180,181,181,0,16,16740.0,441,220,221,221,0,17,21594.0,1055,527,528,528,0,20,50521.0,1437,718,719,719,0,18,67782.0,645,322,323,323,0,19,30231.0,199,99,100,100,0,13,10093.0,413,206,207,207,0,22,19825.0,485,242,243,243,0,17,23564.0,1177,588,589,589,0,22,56470.0,187,93,94,94,0,15,8614.0,1087,543,544,544,0,18,50588.0,2685,1342,1343,1343,0,22,126462.0,1005,502,503,503,0,18,45719.0,579,289,290,290,0,17,28297.0,2067,1033,1034,1034,0,22,101089.0,771,385,386,386,0,19,36849.0,389,194,195,195,0,13,18427.0,571,285,286,286,0,18,28347.0,3809,1904,1905,1905,0,24,178114.0
35800,3083,1541,1542,1542,0,23,150463.0,375,187,188,188,0,16,17312.0,453,226,227,227,0,17,22244.0,1067,533,534,534,0,20,51105.0,1445,722,723,723,0,18,68372.0,649,324,325,325,0,19,30820.0,213,106,107,107,0,13,10705.0,427,213,214,214,0,23,20450.0,505,252,253,253,0,17,24165.0,1189,594,595,595,0,22,57062.0,195,97,98,98,0,15,9243.0,1103,551,552,552,0,18,51221.0,2701,1350,1351,1351,0,23,127043.0,1015,507,508,508,0,18,46304.0,591,295,296,296,0,17,28889.0,2079,1039,1040,1040,0,23,101674.0,775,387,388,388,0,19,37468.0,399,199,200,200,0,14,19018.0,583,291,292,292,0,18,28948.0,3821,1910,1911,1911,0,24,178694.0
35900,3097,1548,1549,1549,0,23,151034.0,395,197,198,198,0,16,17885.0,473,236,237,237,0,17,22846.0,1079,539,540,540,0,20,51696.0,1455,727,728,728,0,18,68946.0,663,331,332,332,0,20,31394.0,229,114,115,115,0,14,11274.0,439,219,220,220,0,23,21041.0,521,260,261,261,0,17,24837.0,1195,597,598,598,0,22,57663.0,213,106,107,107,0,15,9818.0,1111,555,556,556,0,18,51832.0,2711,1355,1356,1356,0,23,127609.0,1025,512,513,513,0,18,46918.0,601,300,301,301,0,18,29454.0,2095,1047,1048,1048,0,23,102278.0,801,400,401,401,0,19,38041.0,411,205,206,206,0,14,19620.0,587,293,294,294,0,18,29546.0,3833,1916,1917,1917,0,24,179258.0
36000,3111,1555,1556,1556,0,23,151661.0,411,205,206,206,0,17,18485.0,487,243,244,244,0,17,23444.0,1091,545,546,546,0,20,52283.0,1463,731,732,732,0,18,69564.0,677,338,339,339,0,20,31973.0,237,118,119,119,0,14,11845.0,457,228,229,229,0,23,21650.0,525,262,263,263,0,17,25366.0,1205,602,603,603,0,22,58263.0,225,112,113,113,0,15,10411.0,1125,562,563,563,0,18,52440.0,2719,1359,1360,1360,0,23,128264.0,1041,520,521,521,0,18,47537.0,605,302,303,303,0,18,30087.0,2113,1056,1057,1057,0,23,102894.0,813,406,407,407,0,19,38647.0,425,212,213,213,0,14,20247.0,595,297,298,298,0,18,30139.0,3843,1921,1922,1922,0,24,179855.0
36100,3127,1563,1564,1564,0,23,152251.0,423,211,212,212,0,17,19088.0,495,247,248,248,0,17,23996.0,1101,550,551,551,0,21,52855.0,1479,739,740,740,0,18,70133.0,689,344,345,345,0,20,32563.0,245,122,123,123,0,14,12444.0,467,233,234,234,0,23,22248.0,541,270,271,271,0,18,25967.0,1213,606,607,607,0,22,58840.0,233,116,117,117,0,15,11045.0,1141,570,571,571,0,18,53026.0,2735,1367,1368,1368,0,23,128877.0,1055,527,528,528,0,18,48191.0,623,311,312,312,0,18,30694.0,2125,1062,1063,1063,0,23,103469.0,825,412,413,413,0,19,39256.0,433,216,217,217,0,14,20910.0,607,303,304,304,0,18,30727.0,3857,1928,1929,1929,0,24,180456.0
36200,3135,1567,1568,1568,0,23,152870.0,433,216,217,217,0,17,19654.0,509,254,255,255,0,17,24561.0,1117,558,559,559,0,21,53485.0,1487,743,744,744,0,18,70666.0,707,353,354,354,0,20,33163.0,263,131,132,132,0,14,13035.0,487,243,244,244,0,23,22816.0,555,277,278,278,0,18,26597.0,1225,612,613,613,0,22,59446.0,247,123,124,124,0,15,11626.0,1149,574,575,575,0,18,53627.0,2749,1374,1375,1375,0,23,129472.0,1069,534,535,535,0,18,48786.0,637,318,319,319,0,18,31321.0,2135,1067,1068,1068,0,23,104115.0,843,421,422,422,0,19,39869.0,441,220,221,221,0,14,21503.0,623,311,312,312,0,18,31369.0,3869,1934,1935,1935,0,24,181026.0
36300,3147,1573,1574,1574,0,23,153495.0,443,221,222,222,0,17,20242.0,519,259,260,260,0,17,25132.0,1133,566,567,567,0,21,54105.0,1505,752,753,753,0,18,71261.0,723,361,362,362,0,20,33758.0,277,138,139,139,0,14,13643.0,503,251,252,252,0,23,23448.0,573,286,287,287,0,18,27217.0,1237,618,619,619,0,22,60024.0,255,127,128,128,0,15,12214.0,1157,578,579,579,0,18,54200.0,2761,1380,1381,1381,0,23,130060.0,1081,540,541,541,0,18,49391.0,661,330,331,331,0,18,31944.0,2149,1074,1075,1075,0,23,104673.0,857,428,429,429,0,19,40504.0,455,227,228,228,0,14,22116.0,635,317,318,318,0,18,31978.0,3889,1944,1945,1945,0,24,181664.0
36400,3163,1581,1582,1582,0,23,154101.0,449,224,225,225,0,17,20819.0,533,266,267,267,0,17,25736.0,1149,574,575,575,0,21,54707.0,1515,757,758,758,0,18,71887.0,731,365,366,366,0,20,34360.0,291,145,146,146,0,15,14234.0,513,256,257,257,0,23,24047.0,589,294,295,295,0,18,27830.0,1249,624,625,625,0,22,60601.0,261,130,131,131,0,16,12828.0,1163,581,582,582,0,18,54835.0,27,13,14,14,0,7,1337.0,3,1,2,2,0,2,131.0,677,338,339,339,0,18,32561.0,2169,1084,1085,1085,0,23,105302.0,865,432,433,433,0,19,41072.0,469,234,235,235,0,14,22697.0,643,321,322,322,0,18,32588.0,3901,1950,1951,1951,0,24,182241.0
36500,3177,1588,1589,1589,0,23,154709.0,455,227,228,228,0,17,21415.0,547,273,274,274,0,17,26334.0,1157,578,579,579,0,21,55299.0,1533,766,767,767,0,18,72495.0,739,369,370,370,0,20,34980.0,299,149,150,150,0,15,14830.0,529,264,265,265,0,23,24658.0,601,300,301,301,0,18,28415.0,1263,631,632,632,0,22,61245.0,277,138,139,139,0,16,13419.0,1179,589,590,590,0,18,55470.0,39,19,20,20,0,8,1898.0,15,7,8,8,0,6,772.0,687,343,344,344,0,18,33156.0,2185,1092,1093,1093,0,23,105933.0,873,436,437,437,0,19,41631.0,483,241,242,242,0,14,23318.0,663,331,332,332,0,18,33159.0,3907,1953,1954,1954,0,24,182842.0
36600,3193,1596,1597,1597,0,23,155323.0,471,235,236,236,0,17,22067.0,553,276,277,277,0,17,26951.0,1167,583,584,584,0,21,55898.0,1539,769,770,770,0,18,73108.0,751,375,376,376,0,20,35565.0,311,155,156,156,0,15,15445.0,537,268,269,269,0,23,25286.0,613,306,307,307,0,18,29025.0,1277,638,639,639,0,22,61867.0,293,146,147,147,0,16,14050.0,1189,594,595,595,0,18,56082.0,51,25,26,26,0,8,2496.0,27,13,14,14,0,8,1355.0,703,351,352,352,0,18,33787.0,2199,1099,1100,1100,0,23,106562.0,877,438,439,439,0,19,42225.0,489,244,245,245,0,14,23873.0,685,342,343,343,0,19,33747.0,3915,1957,1958,1958,0,24,183388.0
36700,3213,1606,1607,1607,0,23,155922.0,489,244,245,245,0,17,22699.0,563,281,282,282,0,17,27522.0,1181,590,591,591,0,21,56488.0,1547,773,774,774,0,18,73698.0,763,381,382,382,0,20,36165.0,323,161,162,162,0,15,16040.0,555,277,278,278,0,23,25897.0,615,307,308,308,0,18,29624.0,1293,646,647,647,0,22,62519.0,305,152,153,153,0,16,14653.0,1211,605,606,606,0,18,56732.0,65,32,33,33,0,9,3146.0,37,18,19,19,0,9,1973.0,709,354,355,355,0,18,34367.0,2215,1107,1108,1108,0,23,107183.0,889,444,445,445,0,19,42831.0,509,254,255,255,0,14,24467.0,691,345,346,346,0,19,34332.0,3921,1960,1961,1961,0,24,184003.0
36800,3229,1614,1615,1615,0,23,156517.0,495,247,248,248,0,17,23293.0,573,286,287,287,0,17,28115.0,1193,596,597,597,0,21,57133.0,1555,777,778,778,0,18,74303.0,775,387,388,388,0,20,36751.0,333,166,167,167,0,15,16624.0,567,283,284,284,0,23,26482.0,641,320,321,321,0,18,30204.0,43,21,22,22,0,10,2294.0,317,158,159,159,0,16,15306.0,1225,612,613,613,0,18,57303.0,79,39,40,40,0,10,3756.0,57,28,29,29,0,10,2566.0,727,363,364,364,0,18,34909.0,2219,1109,1110,1110,0,23,107795.0,901,450,451,451,0,19,43377.0,515,257,258,258,0,14,25087.0,709,354,355,355,0,19,34934.0,3927,1963,1964,1964,0,24,184635.0
36900,51,25,26,26,0,9,2345.0,513,256,257,257,0,17,23907.0,581,290,291,291,0,17,28714.0,1205,602,603,603,0,21,57722.0,1573,786,787,787,0,18,74864.0,791,395,396,396,0,20,37341.0,351,175,176,176,0,16,17247.0,583,291,292,292,0,23,27088.0,645,322,323,323,0,18,30840.0,57,28,29,29,0,11,2878.0,333,166,167,167,0,17,15929.0,1233,616,617,617,0,18,57934.0,91,45,46,46,0,10,4350.0,67,33,34,34,0,10,3126.0,743,371,372,372,0,18,35537.0,2225,1112,1113,1113,0,23,108399.0,921,460,461,461,0,20,43994.0,527,263,264,264,0,15,25700.0,735,367,368,368,0,19,35563.0,3937,1968,1969,1969,0,24,185253.0
37000,65,32,33,33,0,10,2951.0,529,264,265,265,0,17,24514.0,597,298,299,299,0,17,29353.0,1221,610,611,611,0,21,58328.0,1595,797,798,798,0,18,75505.0,793,396,397,397,0,20,37960.0,369,184,185,185,0,16,17897.0,599,299,300,300,0,23,27735.0,651,325,326,326,0,18,31448.0,69,34,35,35,0,11,3444.0,345,172,173,173,0,17,16561.0,1245,622,623,623,0,18,58471.0,107,53,54,54,0,11,4963.0,79,39,40,40,0,11,3753.0,751,375,376,376,0,18,36167.0,2235,1117,1118,1118,0,23,108961.0,929,464,465,465,0,20,44640.0,539,269,270,270,0,15,26333.0,747,373,374,374,0,19,36157.0,3951,1975,1976,1976,0,24,185883.0
37100,75,37,38,38,0,11,3561.0,545,272,273,273,0,17,25107.0,621,310,311,311,0,18,29965.0,1223,611,612,612,0,21,58909.0,1601,800,801,801,0,18,76088.0,801,400,401,401,0,20,38546.0,383,191,192,192,0,16,18489.0,613,306,307,307,0,23,28301.0,667,333,334,334,0,18,32049.0,71,35,36,36,0,11,4064.0,349,174,175,175,0,17,17089.0,1259,629,630,630,0,19,59079.0,123,61,62,62,0,11,5572.0,91,45,46,46,0,11,4366.0,761,380,381,381,0,18,36787.0,2255,1127,1128,1128,0,23,109560.0,933,466,467,467,0,20,45231.0,547,273,274,274,0,15,26915.0,765,382,383,383,0,19,36749.0,3967,1983,1984,1984,0,24,186508.0
37200,93,46,47,47,0,12,4129.0,555,277,278,278,0,18,25724.0,635,317,318,318,0,18,30556.0,1233,616,617,617,0,21,59475.0,1607,803,804,804,0,18,76679.0,817,408,409,409,0,20,39150.0,403,201,202,202,0,16,19114.0,635,317,318,318,0,23,28893.0,683,341,342,342,0,18,32663.0,83,41,42,42,0,12,4646.0,359,179,180,180,0,17,17665.0,1273,636,637,637,0,19,59710.0,129,64,65,65,0,11,6189.0,99,49,50,50,0,12,4922.0,777,388,389,389,0,18,37452.0,2271,1135,1136,1136,0,23,110184.0,943,471,472,472,0,20,45826.0,559,279,280,280,0,15,27543.0,779,389,390,390,0,19,37380.0,3973,1986,1987,1987,0,24,187099.0
37300,103,51,52,52,0,12,4737.0,559,279,280,280,0,18,26312.0,647,323,324,324,0,18,31194.0,1249,624,625,625,0,21,60068.0,1619,809,810,810,0,18,77278.0,835,417,418,418,0,20,39769.0,409,204,205,205,0,16,19768.0,647,323,324,324,0,23,29468.0,703,351,352,352,0,18,33282.0,95,47,48,48,0,12,5250.0,373,186,187,187,0,17,18262.0,1281,640,641,641,0,19,60223.0,147,73,74,74,0,11,6797.0,117,58,59,59,0,12,5531.0,787,393,394,394,0,18,38004.0,2293,1146,1147,1147,0,23,110788.0,957,478,479,479,0,20,46406.0,93,46,47,47,0,11,4369.0,789,394,395,395,0,19,38025.0,3985,1992,1993,1993,0,24,187714.0
37400,121,60,61,61,0,13,5305.0,577,288,289,289,0,18,26910.0,661,330,331,331,0,18,31819.0,1253,626,627,627,0,21,60706.0,1629,814,815,815,0,19,77878.0,851,425,426,426,0,20,40387.0,417,208,209,209,0,16,20354.0,659,329,330,330,0,23,30037.0,711,355,356,356,0,18,33852.0,115,57,58,58,0,12,5895.0,387,193,194,194,0,17,18811.0,1289,644,645,645,0,19,60830.0,161,80,81,81,0,12,7381.0,129,64,65,65,0,12,6152.0,799,399,400,400,0,18,38602.0,2301,1150,1151,1151,0,23,111351.0,959,479,480,480,0,20,47020.0,99,49,50,50,0,12,4912.0,803,401,402,402,0,19,38603.0,4009,2004,2005,2005,0,24,188326.0
37500,141,70,71,71,0,14,5930.0,591,295,296,296,0,18,27539.0,669,334,335,335,0,18,32438.0,1261,630,631,631,0,21,61304.0,1643,821,822,822,0,19,78474.0,863,431,432,432,0,20,41009.0,431,215,216,216,0,16,20957.0,667,333,334,334,0,23,30676.0,721,360,361,361,0,18,34439.0,129,64,65,65,0,13,6530.0,395,197,198,198,0,17,19438.0,1309,654,655,655,0,19,61445.0,173,86,87,87,0,12,7947.0,139,69,70,70,0,13,6736.0,811,405,406,406,0,18,39179.0,2319,1159,1160,1160,0,23,111942.0,971,485,486,486,0,20,47613.0,111,55,56,56,0,12,5503.0,813,406,407,407,0,19,39213.0,4013,2006,2007,2007,0,24,188934.0
37600,153,76,77,77,0,14,6524.0,603,301,302,302,0,18,28099.0,677,338,339,339,0,18,33005.0,1269,634,635,635,0,21,61892.0,1661,830,831,831,0,19,79083.0,871,435,436,436,0,20,41584.0,449,224,225,225,0,16,21605.0,675,337,338,338,0,23,31291.0,175,87,88,88,0,18,7937.0,141,70,71,71,0,13,7097.0,407,203,204,204,0,17,20052.0,1329,664,665,665,0,19,62045.0,183,91,92,92,0,12,8538.0,145,72,73,73,0,13,7333.0,821,410,411,411,0,18,39787.0,2329,1164,1165,1165,0,23,112518.0,991,495,496,496,0,20,48198.0,127,63,64,64,0,12,6119.0,821,410,411,411,0,19,39835.0,4025,2012,2013,2013,0,24,189514.0
37700,165,82,83,83,0,16,7126.0,613,306,307,307,0,18,28661.0,683,341,342,342,0,18,33586.0,1293,646,647,647,0,22,62531.0,1665,832,833,833,0,19,79674.0,891,445,446,446,0,20,42177.0,461,230,231,231,0,16,22221.0,693,346,347,347,0,24,31907.0,183,91,92,92,0,18,8552.0,147,73,74,74,0,14,7732.0,425,212,213,213,0,17,20663.0,1339,669,670,670,0,19,62666.0,193,96,97,97,0,12,9143.0,161,80,81,81,0,13,7896.0,839,419,420,420,0,19,40385.0,2337,1168,1169,1169,0,23,113105.0,1001,500,501,501,0,20,48802.0,143,71,72,72,0,12,6701.0,831,415,416,416,0,19,40443.0,191,95,96,96,0,12,10444.0
37800,171,85,86,86,0,16,7713.0,623,311,312,312,0,18,29243.0,695,347,348,348,0,18,34147.0,1309,654,655,655,0,22,63122.0,1675,837,838,838,0,19,80259.0,903,451,452,452,0,20,42766.0,473,236,237,237,0,16,22825.0,699,349,350,350,0,24,32520.0,201,100,101,101,0,19,9199.0,155,77,78,78,0,14,8338.0,431,215,216,216,0,17,21228.0,1351,675,676,676,0,19,63210.0,203,101,102,102,0,12,9743.0,175,87,88,88,0,13,8499.0,853,426,427,427,0,19,40978.0,2349,1174,1175,1175,0,23,113724.0,1005,502,503,503,0,20,49420.0,147,73,74,74,0,12,7322.0,843,421,422,422,0,19,41061.0,215,107,108,108,0,13,11068.0
37900,189,94,95,95,0,16,8306.0,635,317,318,318,0,18,29843.0,709,354,355,355,0,18,34764.0,1315,657,658,658,0,22,63717.0,1689,844,845,845,0,19,80818.0,911,455,456,456,0,20,43335.0,477,238,239,239,0,16,23360.0,713,356,357,357,0,24,33116.0,211,105,106,106,0,19,9812.0,171,85,86,86,0,15,8954.0,447,223,224,224,0,17,21787.0,1371,685,686,686,0,19,63803.0,213,106,107,107,0,12,10305.0,183,91,92,92,0,13,9093.0,861,430,431,431,0,19,41599.0,2353,1176,1177,1177,0,23,114313.0,1015,507,508,508,0,20,50055.0,163,81,82,82,0,13,7867.0,849,424,425,425,0,19,41682.0,227,113,114,114,0,13,11679.0
38000,197,98,99,99,0,16,8902.0,647,323,324,324,0,18,30455.0,721,360,361,361,0,18,35389.0,1335,667,668,668,0,22,64306.0,1697,848,849,849,0,19,81434.0,925,462,463,463,0,20,43942.0,485,242,243,243,0,17,23975.0,723,361,362,362,0,24,33700.0,223,111,112,112,0,19,10388.0,177,88,89,89,0,15,9563.0,455,227,228,228,0,17,22398.0,1381,690,691,691,0,19,64410.0,221,110,111,111,0,12,10898.0,201,100,101,101,0,14,9703.0,869,434,435,435,0,19,42229.0,2369,1184,1185,1185,0,23,114913.0,1033,516,517,517,0,20,50665.0,175,87,88,88,0,13,8491.0,863,431,432,432,0,19,42322.0,233,116,117,117,0,13,12281.0
38100,209,104,105,105,0,16,9480.0,661,330,331,331,0,18,31062.0,729,364,365,365,0,18,35972.0,1351,675,676,676,0,22,64938.0,1701,850,851,851,0,19,82019.0,937,468,469,469,0,20,44516.0,505,252,253,253,0,17,24596.0,727,363,364,364,0,24,34299.0,227,113,114,114,0,19,10986.0,189,94,95,95,0,15,10164.0,467,233,234,234,0,18,23011.0,1395,697,698,698,0,19,65023.0,229,114,115,115,0,12,11466.0,215,107,108,108,0,14,10312.0,883,441,442,442,0,19,42837.0,31,15,16,16,0,9,1850.0,1053,526,527,527,0,20,51246.0,191,95,96,96,0,13,9072.0,879,439,440,440,0,20,42903.0,243,121,122,122,0,13,12866.0
38200,223,111,112,112,0,16,10116.0,673,336,337,337,0,18,31642.0,741,370,371,371,0,18,36548.0,1357,678,679,679,0,22,65485.0,1705,852,853,853,0,19,82627.0,947,473,474,474,0,21,45173.0,509,254,255,255,0,17,25194.0,739,369,370,370,0,24,34880.0,239,119,120,120,0,19,11600.0,201,100,101,101,0,15,10745.0,483,241,242,242,0,18,23614.0,1409,704,705,705,0,19,65650.0,239,119,120,120,0,12,12047.0,227,113,114,114,0,14,10890.0,889,444,445,445,0,19,43458.0,43,21,22,22,0,11,2434.0,1065,532,533,533,0,20,51861.0,195,97,98,98,0,13,9668.0,889,444,445,445,0,20,43485.0,255,127,128,128,0,13,13475.0
38300,243,121,122,122,0,16,10710.0,687,343,344,344,0,18,32287.0,757,378,379,379,0,19,37101.0,1371,685,686,686,0,22,66063.0,1725,862,863,863,0,19,83222.0,947,473,474,474,0,21,45746.0,515,257,258,258,0,17,25794.0,757,378,379,379,0,24,35476.0,253,126,127,127,0,19,12177.0,217,108,109,109,0,15,11335.0,493,246,247,247,0,18,24222.0,1419,709,710,710,0,19,66253.0,251,125,126,126,0,12,12657.0,235,117,118,118,0,14,11513.0,905,452,453,453,0,19,44043.0,61,30,31,31,0,13,3072.0,1075,537,538,538,0,20,52471.0,207,103,104,104,0,13,10210.0,899,449,450,450,0,20,44076.0,259,129,130,130,0,13,14041.0
38400,251,125,126,126,0,16,11313.0,703,351,352,352,0,18,32899.0,777,388,389,389,0,19,37737.0,1381,690,691,691,0,22,66625.0,1741,870,871,871,0,19,83781.0,967,483,484,484,0,21,46358.0,527,263,264,264,0,17,26391.0,769,384,385,385,0,24,36106.0,265,132,133,133,0,19,12788.0,233,116,117,117,0,16,11945.0,503,251,252,252,0,18,24847.0,1435,717,718,718,0,19,66838.0,267,133,134,134,0,12,13237.0,249,124,125,125,0,14,12151.0,913,456,457,457,0,19,44700.0,71,35,36,36,0,14,3675.0,1079,539,540,540,0,20,53056.0,213,106,107,107,0,13,10804.0,911,455,456,456,0,20,44685.0,269,134,135,135,0,14,14607.0
38500,261,130,131,131,0,17,11945.0,707,353,354,354,0,18,33492.0,783,391,392,392,0,19,38300.0,1389,694,695,695,0,22,67225.0,1755,877,878,878,0,19,84422.0,987,493,494,494,0,21,46935.0,543,271,272,272,0,17,26997.0,775,387,388,388,0,24,36698.0,275,137,138,138,0,19,13394.0,253,126,127,127,0,16,12563.0,513,256,257,257,0,18,25438.0,1449,724,725,725,0,19,67432.0,273,136,137,137,0,12,13860.0,259,129,130,130,0,14,12738.0,923,461,462,462,0,19,45302.0,83,41,42,42,0,14,4261.0,1087,543,544,544,0,20,53654.0,235,117,118,118,0,14,11400.0,915,457,458,458,0,20,45290.0,285,142,143,143,0,14,15186.0
38600,273,136,137,137,0,17,12540.0,713,356,357,357,0,18,34055.0,791,395,396,396,0,19,38904.0,1403,701,702,702,0,22,67834.0,1779,889,890,890,0,19,85034.0,997,498,499,499,0,21,47570.0,555,277,278,278,0,17,27608.0,793,396,397,397,0,24,37308.0,285,142,143,143,0,19,14000.0,267,133,134,134,0,16,13170.0,525,262,263,263,0,18,26039.0,1459,729,730,730,0,19,67971.0,283,141,142,142,0,13,14464.0,273,136,137,137,0,15,13317.0,929,464,465,465,0,19,45901.0,105,52,53,53,0,14,4860.0,1093,546,547,547,0,20,54220.0,241,120,121,121,0,14,12008.0,927,463,464,464,0,20,45883.0,295,147,148,148,0,14,15786.0
38700,295,147,148,148,0,18,13127.0,731,365,366,366,0,18,34662.0,805,402,403,403,0,19,39515.0,1417,708,709,709,0,22,68403.0,1791,895,896,896,0,19,85604.0,1003,501,502,502,0,21,48135.0,567,283,284,284,0,17,28203.0,797,398,399,399,0,24,37893.0,295,147,148,148,0,19,14577.0,273,136,137,137,0,16,13752.0,535,267,268,268,0,18,26631.0,1465,732,733,733,0,19,68600.0,309,154,155,155,0,13,15062.0,285,142,143,143,0,15,13958.0,943,471,472,472,0,19,46530.0,115,57,58,58,0,15,5469.0,1113,556,557,557,0,20,54761.0,251,125,126,126,0,14,12660.0,935,467,468,468,0,20,46475.0,311,155,156,156,0,14,16363.0
38800,313,156,157,157,0,18,13694.0,747,373,374,374,0,18,35249.0,815,407,408,408,0,19,40098.0,1433,716,717,717,0,22,68996.0,1801,900,901,901,0,19,86194.0,1019,509,510,510,0,21,48753.0,583,291,292,292,0,17,28810.0,817,408,409,409,0,24,38503.0,307,153,154,154,0,20,15223.0,283,141,142,142,0,16,14349.0,543,271,272,272,0,18,27216.0,1475,737,738,738,0,19,69213.0,65,32,33,33,0,10,3297.0,297,148,149,149,0,15,14511.0,955,477,478,478,0,20,47156.0,129,64,65,65,0,15,6060.0,1127,563,564,564,0,20,55354.0,261,130,131,131,0,14,13269.0,953,476,477,477,0,20,47075.0,317,158,159,159,0,14,16962.0
38900,321,160,161,161,0,18,14313.0,753,376,377,377,0,18,35839.0,821,410,411,411,0,19,40680.0,1445,722,723,723,0,22,69537.0,1807,903,904,904,0,19,86784.0,1025,512,513,513,0,21,49345.0,593,296,297,297,0,17,29456.0,833,416,417,417,0,24,39117.0,315,157,158,158,0,21,15803.0,303,151,152,152,0,17,14951.0,555,277,278,278,0,18,27822.0,1487,743,744,744,0,19,69817.0,79,39,40,40,0,10,3912.0,313,156,157,157,0,15,15141.0,969,484,485,485,0,20,47774.0,139,69,70,70,0,15,6626.0,1137,568,569,569,0,20,55997.0,269,134,135,135,0,15,13858.0,963,481,482,482,0,20,47648.0,333,166,167,167,0,14,17547.0
39000,331,165,166,166,0,18,14949.0,761,380,381,381,0,18,36420.0,831,415,416,416,0,19,41256.0,1457,728,729,729,0,22,70114.0,1819,909,910,910,0,19,87366.0,1031,515,516,516,0,21,49969.0,605,302,303,303,0,17,30072.0,849,424,425,425,0,24,39685.0,329,164,165,165,0,21,16438.0,93,46,47,47,0,12,3842.0,577,288,289,289,0,18,28389.0,1497,748,749,749,0,19,70373.0,97,48,49,49,0,11,4482.0,321,160,161,161,0,15,15739.0,985,492,493,493,0,20,48345.0,149,74,75,75,0,15,7211.0,1147,573,574,574,0,20,56584.0,283,141,142,142,0,15,14465.0,975,487,488,488,0,20,48235.0,351,175,176,176,0,14,18170.0
39100,343,171,172,172,0,18,15537.0,769,384,385,385,0,18,36990.0,841,420,421,421,0,19,41876.0,1469,734,735,735,0,22,70646.0,1833,916,917,917,0,19,87991.0,1039,519,520,520,0,21,50504.0,623,311,312,312,0,17,30675.0,863,431,432,432,0,24,40240.0,343,171,172,172,0,21,17024.0,101,50,51,51,0,12,4467.0,589,294,295,295,0,18,28976.0,1513,756,757,757,0,19,70965.0,107,53,54,54,0,12,5080.0,345,172,173,173,0,15,16284.0,991,495,496,496,0,20,48907.0,161,80,81,81,0,15,7828.0,1157,578,579,579,0,20,57168.0,295,147,148,148,0,15,15058.0,997,498,499,499,0,20,48865.0,361,180,181,181,0,14,18787.0
39200,357,178,179,179,0,19,16143.0,793,396,397,397,0,18,37587.0,863,431,432,432,0,19,42482.0,1475,737,738,738,0,22,71216.0,1845,922,923,923,0,19,88593.0,1061,530,531,531,0,21,51113.0,635,317,318,318,0,17,31259.0,869,434,435,435,0,24,40833.0,353,176,177,177,0,21,17593.0,123,61,62,62,0,13,5065.0,603,301,302,302,0,18,29566.0,1533,766,767,767,0,20,71574.0,119,59,60,60,0,12,5687.0,355,177,178,178,0,15,16871.0,999,499,500,500,0,20,49547.0,169,84,85,85,0,15,8455.0,1167,583,584,584,0,20,57728.0,305,152,153,153,0,15,15670.0,1011,505,506,506,0,20,49477.0,367,183,184,184,0,14,19352.0
39300,369,184,185,185,0,19,16724.0,813,406,407,407,0,18,38191.0,867,433,434,434,0,19,43063.0,1479,739,740,740,0,22,71804.0,1849,924,925,925,0,19,89141.0,1073,536,537,537,0,21,51757.0,649,324,325,325,0,17,31835.0,879,439,440,440,0,24,41399.0,363,181,182,182,0,21,18210.0,131,65,66,66,0,13,5652.0,613,306,307,307,0,18,30177.0,1551,775,776,776,0,20,72213.0,129,64,65,65,0,13,6297.0,369,184,185,185,0,15,17456.0,1015,507,508,508,0,20,50162.0,185,92,93,93,0,16,9067.0,1189,594,595,595,0,20,58330.0,319,159,160,160,0,15,16238.0,1015,507,508,508,0,20,50056.0,375,187,188,188,0,15,19975.0
39400,383,191,192,192,0,19,17337.0,823,411,412,412,0,18,38762.0,875,437,438,438,0,19,43637.0,1489,744,745,745,0,22,72413.0,1867,933,934,934,0,19,89734.0,1083,541,542,542,0,21,52336.0,659,329,330,330,0,17,32422.0,893,446,447,447,0,25,41993.0,373,186,187,187,0,21,18794.0,147,73,74,74,0,13,6276.0,625,312,313,313,0,18,30810.0,1567,783,784,784,0,20,72899.0,137,68,69,69,0,14,6890.0,387,193,194,194,0,15,18022.0,1029,514,515,515,0,20,50812.0,199,99,100,100,0,17,9671.0,1201,600,601,601,0,20,58938.0,325,162,163,163,0,16,16846.0,1019,509,510,510,0,20,50653.0,395,197,198,198,0,15,20542.0
39500,407,203,204,204,0,20,17984.0,833,416,417,417,0,18,39337.0,891,445,446,446,0,19,44250.0,1493,746,747,747,0,22,73041.0,1875,937,938,938,0,19,90353.0,1097,548,549,549,0,21,52964.0,673,336,337,337,0,17,33014.0,901,450,451,451,0,25,42611.0,389,194,195,195,0,21,19407.0,159,79,80,80,0,13,6923.0,639,319,320,320,0,18,31432.0,1589,794,795,795,0,20,73498.0,143,71,72,72,0,14,7476.0,395,197,198,198,0,16,18670.0,1051,525,526,526,0,20,51426.0,211,105,106,106,0,17,10291.0,1207,603,604,604,0,20,59527.0,335,167,168,168,0,16,17433.0,1029,514,515,515,0,20,51249.0,407,203,204,204,0,15,21146.0
39600,419,209,210,210,0,20,18575.0,847,423,424,424,0,18,39949.0,899,449,450,450,0,19,44809.0,1499,749,750,750,0,22,73643.0,1887,943,944,944,0,19,90959.0,1113,556,557,557,0,21,53540.0,679,339,340,340,0,17,33581.0,907,453,454,454,0,25,43169.0,407,203,204,204,0,21,19993.0,171,85,86,86,0,14,7512.0,651,325,326,326,0,18,32073.0,1595,797,798,798,0,20,74114.0,155,77,78,78,0,14,8069.0,401,200,201,201,0,16,19260.0,1061,530,531,531,0,20,52043.0,223,111,112,112,0,18,10906.0,1225,612,613,613,0,20,60136.0,347,173,174,174,0,16,18011.0,1039,519,520,520,0,20,51835.0,419,209,210,210,0,15,21750.0
39700,427,213,214,214,0,20,19169.0,859,429,430,430,0,18,40561.0,327,163,164,164,0,13,15285.0,1515,757,758,758,0,22,74237.0,1891,945,946,946,0,19,91520.0,1127,563,564,564,0,21,54139.0,699,349,350,350,0,17,34142.0,913,456,457,457,0,25,43832.0,423,211,212,212,0,21,20578.0,179,89,90,90,0,14,8130.0,663,331,332,332,0,18,32674.0,1605,802,803,803,0,20,74710.0,167,83,84,84,0,15,8649.0,415,207,208,208,0,16,19869.0,1071,535,536,536,0,20,52673.0,231,115,116,116,0,18,11471.0,1233,616,617,617,0,20,60750.0,353,176,177,177,0,16,18614.0,1047,523,524,524,0,20,52453.0,435,217,218,218,0,15,22308.0
39800,437,218,219,219,0,20,19793.0,871,435,436,436,0,18,41162.0,345,172,173,173,0,14,15871.0,1523,761,762,762,0,22,74898.0,1903,951,952,952,0,19,92129.0,1143,571,572,572,0,21,54758.0,707,353,354,354,0,18,34747.0,919,459,460,460,0,25,44382.0,441,220,221,221,0,21,21161.0,189,94,95,95,0,15,8759.0,671,335,336,336,0,18,33251.0,1611,805,806,806,0,20,75342.0,175,87,88,88,0,15,9220.0,435,217,218,218,0,16,20488.0,1081,540,541,541,0,20,53288.0,251,125,126,126,0,18,12087.0,1253,626,627,627,0,20,61361.0,367,183,184,184,0,16,19188.0,1053,526,527,527,0,20,53045.0,447,223,224,224,0,16,22843.0
39900,447,223,224,224,0,20,20385.0,877,438,439,439,0,18,41751.0,357,178,179,179,0,14,16510.0,1541,770,771,771,0,23,75503.0,1911,955,956,956,0,19,92776.0,1151,575,576,576,0,21,55342.0,715,357,358,358,0,18,35333.0,941,470,471,471,0,25,44978.0,455,227,228,228,0,21,21718.0,197,98,99,99,0,15,9353.0,693,346,347,347,0,19,33863.0,1623,811,812,812,0,20,75973.0,195,97,98,98,0,15,9837.0,443,221,222,222,0,16,21040.0,1101,550,551,551,0,20,53961.0,271,135,136,136,0,18,12743.0,1263,631,632,632,0,20,61962.0,379,189,190,190,0,16,19772.0,1071,535,536,536,0,20,53617.0,453,226,227,227,0,16,23467.0
40000,457,228,229,229,0,20,21024.0,891,445,446,446,0,18,42345.0,373,186,187,187,0,14,17132.0,1557,778,779,779,0,23,76115.0,1921,960,961,961,0,19,93377.0,1165,582,583,583,0,21,55926.0,725,362,363,363,0,18,35928.0,951,475,476,476,0,25,45583.0,463,231,232,232,0,21,22307.0,203,101,102,102,0,15,9944.0,705,352,353,353,0,19,34487.0,1641,820,821,821,0,20,76564.0,203,101,102,102,0,15,10471.0,5,2,3,3,0,3,161.0,1117,558,559,559,0,20,54575.0,287,143,144,144,0,19,13334.0,1265,632,633,633,0,20,62548.0,389,194,195,195,0,16,20348.0,1085,542,543,543,0,21,54186.0,461,230,231,231,0,16,24093.0
40100,467,233,234,234,0,20,21658.0,895,447,448,448,0,18,42916.0,385,192,193,193,0,14,17772.0,1569,784,785,785,0,23,76702.0,279,139,140,140,0,15,13076.0,1175,587,588,588,0,21,56535.0,731,365,366,366,0,18,36521.0,971,485,486,486,0,25,46205.0,473,236,237,237,0,21,22912.0,217,108,109,109,0,15,10569.0,711,355,356,356,0,19,35066.0,1663,831,832,832,0,20,77145.0,217,108,109,109,0,15,11078.0,17,8,9,9,0,7,744.0,1127,563,564,564,0,20,55168.0,293,146,147,147,0,19,13972.0,1,0,1,1,0,1,129.0,395,197,198,198,0,16,20940.0,1101,550,551,551,0,21,54823.0,465,232,233,233,0,16,24691.0
40200,481,240,241,241,0,20,22251.0,913,456,457,457,0,18,43499.0,395,197,198,198,0,14,18390.0,1583,791,792,792,0,23,77268.0,281,140,141,141,0,15,13669.0,1177,588,589,589,0,21,57128.0,737,368,369,369,0,18,37127.0,985,492,493,493,0,25,46809.0,487,243,244,244,0,21,23548.0,237,118,119,119,0,15,11133.0,721,360,361,361,0,19,35676.0,1673,836,837,837,0,20,77726.0,229,114,115,115,0,16,11692.0,31,15,16,16,0,9,1336.0,1135,567,568,568,0,20,55742.0,309,154,155,155,0,19,14610.0,13,6,7,7,0,5,766.0,411,205,206,206,0,16,21618.0,1117,558,559,559,0,21,55431.0,473,236,237,237,0,16,25275.0
40300,501,250,251,251,0,20,22853.0,919,459,460,460,0,18,44104.0,409,204,205,205,0,14,19001.0,229,114,115,115,0,18,10808.0,295,147,148,148,0,15,14260.0,1187,593,594,594,0,21,57714.0,755,377,378,378,0,18,37751.0,991,495,496,496,0,25,47398.0,497,248,249,249,0,21,24176.0,247,123,124,124,0,15,11741.0,743,371,372,372,0,19,36258.0,1679,839,840,840,0,20,78337.0,235,117,118,118,0,16,12302.0,43,21,22,22,0,9,1953.0,1147,573,574,574,0,20,56354.0,325,162,163,163,0,19,15215.0,23,11,12,12,0,7,1383.0,423,211,212,212,0,16,22229.0,1139,569,570,570,0,21,56078.0,493,246,247,247,0,17,25847.0
40400,515,257,258,258,0,20,23451.0,925,462,463,463,0,18,44724.0,421,210,211,211,0,14,19600.0,237,118,119,119,0,18,11377.0,305,152,153,153,0,15,14863.0,1197,598,599,599,0,21,58285.0,769,384,385,385,0,18,38342.0,995,497,498,498,0,25,48019.0,511,255,256,256,0,21,24716.0,269,134,135,135,0,15,12375.0,753,376,377,377,0,19,36855.0,1685,842,843,843,0,20,78911.0,245,122,123,123,0,17,12882.0,55,27,28,28,0,10,2557.0,1165,582,583,583,0,20,56959.0,339,169,170,170,0,20,15778.0,33,16,17,17,0,8,1967.0,441,220,221,221,0,16,22822.0,1149,574,575,575,0,21,56652.0,503,251,252,252,0,17,26445.0
40500,523,261,262,262,0,20,24093.0,941,470,471,471,0,19,45328.0,435,217,218,218,0,14,20205.0,243,121,122,122,0,18,11980.0,313,156,157,157,0,15,15479.0,1213,606,607,607,0,21,58898.0,781,390,391,391,0,18,38913.0,1005,502,503,503,0,25,48644.0,519,259,260,260,0,21,25282.0,283,141,142,142,0,15,12997.0,761,380,381,381,0,19,37439.0,1695,847,848,848,0,20,79550.0,257,128,129,129,0,17,13437.0,67,33,34,34,0,10,3130.0,1173,586,587,587,0,20,57598.0,353,176,177,177,0,20,16391.0,55,27,28,28,0,9,2553.0,449,224,225,225,0,16,23427.0,1159,579,580,580,0,21,57239.0,511,255,256,256,0,17,27037.0
40600,535,267,268,268,0,20,24691.0,961,480,481,481,0,19,45999.0,441,220,221,221,0,15,20780.0,261,130,131,131,0,19,12582.0,323,161,162,162,0,15,16094.0,1229,614,615,615,0,21,59473.0,797,398,399,399,0,19,39543.0,1015,507,508,508,0,25,49260.0,527,263,264,264,0,21,25854.0,295,147,148,148,0,15,13583.0,777,388,389,389,0,19,37997.0,1711,855,856,856,0,20,80102.0,269,134,135,135,0,17,14025.0,79,39,40,40,0,11,3724.0,1181,590,591,591,0,20,58195.0,357,178,179,179,0,20,16961.0,61,30,31,31,0,9,3154.0,457,228,229,229,0,16,24015.0,1173,586,587,587,0,21,57850.0,525,262,263,263,0,17,27635.0
40700,547,273,274,274,0,20,25304.0,967,483,484,484,0,19,46600.0,447,223,224,224,0,15,21388.0,271,135,136,136,0,19,13201.0,331,165,166,166,0,15,16711.0,1239,619,620,620,0,21,60070.0,803,401,402,402,0,19,40163.0,1029,514,515,515,0,25,49829.0,537,268,269,269,0,21,26446.0,307,153,154,154,0,15,14168.0,787,393,394,394,0,19,38605.0,1715,857,858,858,0,20,80663.0,289,144,145,145,0,17,14603.0,91,45,46,46,0,11,4334.0,1185,592,593,593,0,20,58796.0,369,184,185,185,0,20,17591.0,73,36,37,37,0,10,3748.0,473,236,237,237,0,16,24618.0,1185,592,593,593,0,21,58459.0,533,266,267,267,0,17,28236.0
40800,551,275,276,276,0,20,25889.0,983,491,492,492,0,19,47202.0,459,229,230,230,0,15,21965.0,287,143,144,144,0,19,13811.0,353,176,177,177,0,16,17286.0,1249,624,625,625,0,21,60674.0,815,407,408,408,0,19,40760.0,1037,518,519,519,0,25,50453.0,543,271,272,272,0,21,27058.0,321,160,161,161,0,16,14773.0,797,398,399,399,0,19,39164.0,1727,863,864,864,0,20,81257.0,295,147,148,148,0,17,15230.0,107,53,54,54,0,11,4929.0,1207,603,604,604,0,20,59416.0,379,189,190,190,0,21,18199.0,91,45,46,46,0,10,4379.0,493,246,247,247,0,17,25232.0,1199,599,600,600,0,21,59069.0,541,270,271,271,0,17,28833.0
40900,565,282,283,283,0,20,26474.0,993,496,497,497,0,19,47854.0,471,235,236,236,0,15,22561.0,297,148,149,149,0,19,14428.0,361,180,181,181,0,16,17868.0,1255,627,628,628,0,21,61280.0,823,411,412,412,0,19,41353.0,1051,525,526,526,0,25,51035.0,561,280,281,281,0,21,27676.0,339,169,170,170,0,16,15426.0,687,343,344,344,0,18,35908.0,1737,868,869,869,0,20,81839.0,315,157,158,158,0,17,15801.0,119,59,60,60,0,11,5521.0,1219,609,610,610,0,20,60028.0,385,192,193,193,0,21,18807.0,105,52,53,53,0,10,4966.0,503,251,252,252,0,17,25852.0,1227,613,614,614,0,21,59699.0,547,273,274,274,0,17,29429.0
41000,17,8,9,9,0,7,901.0,1011,505,506,506,0,19,48461.0,481,240,241,241,0,15,23180.0,309,154,155,155,0,19,15025.0,371,185,186,186,0,16,18417.0,1273,636,637,637,0,21,61905.0,847,423,424,424,0,19,42000.0,1067,533,534,534,0,25,51635.0,577,288,289,289,0,22,28262.0,345,172,173,173,0,16,16061.0,697,348,349,349,0,18,36511.0,1747,873,874,874,0,20,82429.0,323,161,162,162,0,17,16387.0,129,64,65,65,0,12,6113.0,1227,613,614,614,0,21,60614.0,397,198,199,199,0,21,19403.0,11,5,6,6,0,5,710.0,519,259,260,260,0,17,26443.0,1233,616,617,617,0,21,60280.0,565,282,283,283,0,17,30035.0
41100,31,15,16,16,0,8,1446.0,1015,507,508,508,0,19,49018.0,491,245,246,246,0,15,23753.0,323,161,162,162,0,20,15633.0,375,187,188,188,0,16,19056.0,1281,640,641,641,0,21,62512.0,851,425,426,426,0,19,42555.0,1079,539,540,540,0,25,52200.0,587,293,294,294,0,22,28856.0,359,179,180,180,0,16,16648.0,715,357,358,358,0,18,37108.0,1759,879,880,880,0,20,83084.0,337,168,169,169,0,17,16955.0,139,69,70,70,0,12,6722.0,1237,618,619,619,0,21,61191.0,409,204,205,205,0,21,20037.0,25,12,13,13,0,7,1301.0,527,263,264,264,0,17,27075.0,1241,620,621,621,0,21,60904.0,579,289,290,290,0,17,30635.0
41200,41,20,21,21,0,9,2059.0,1029,514,515,515,0,19,49651.0,501,250,251,251,0,15,24326.0,343,171,172,172,0,20,16262.0,397,198,199,199,0,16,19646.0,1293,646,647,647,0,21,63162.0,861,430,431,431,0,19,43153.0,1093,546,547,547,0,25,52776.0,599,299,300,300,0,22,29483.0,55,27,28,28,0,11,2656.0,721,360,361,361,0,18,37728.0,1779,889,890,890,0,20,83697.0,345,172,173,173,0,17,17547.0,149,74,75,75,0,12,7310.0,1245,622,623,623,0,21,61788.0,425,212,213,213,0,21,20677.0,35,17,18,18,0,8,1923.0,537,268,269,269,0,17,27679.0,1249,624,625,625,0,21,61479.0,589,294,295,295,0,17,31227.0
41300,53,26,27,27,0,9,2661.0,1041,520,521,521,0,19,50285.0,513,256,257,257,0,15,24874.0,353,176,177,177,0,20,16847.0,411,205,206,206,0,16,20298.0,1297,648,649,649,0,21,63743.0,871,435,436,436,0,19,43769.0,1103,551,552,552,0,25,53380.0,613,306,307,307,0,22,30050.0,69,34,35,35,0,12,3230.0,739,369,370,370,0,18,38333.0,1797,898,899,899,0,20,84267.0,359,179,180,180,0,17,18141.0,163,81,82,82,0,13,7876.0,1253,626,627,627,0,21,62374.0,429,214,215,215,0,21,21247.0,49,24,25,25,0,9,2522.0,549,274,275,275,0,17,28308.0,1259,629,630,630,0,21,62077.0,595,297,298,298,0,17,31813.0
41400,61,30,31,31,0,10,3235.0,1055,527,528,528,0,19,50903.0,523,261,262,262,0,16,25476.0,361,180,181,181,0,20,17451.0,423,211,212,212,0,16,20901.0,1315,657,658,658,0,21,64376.0,877,438,439,439,0,19,44399.0,1115,557,558,558,0,25,53986.0,629,314,315,315,0,22,30683.0,87,43,44,44,0,13,3868.0,755,377,378,378,0,18,38935.0,1801,900,901,901,0,20,84863.0,369,184,185,185,0,17,18751.0,177,88,89,89,0,14,8535.0,1259,629,630,630,0,21,62951.0,437,218,219,219,0,21,21888.0,59,29,30,30,0,10,3119.0,561,280,281,281,0,17,28939.0,1273,636,637,637,0,22,62652.0,611,305,306,306,0,17,32425.0
41500,83,41,42,42,0,11,3815.0,1059,529,530,530,0,19,51505.0,539,269,270,270,0,16,26050.0,377,188,189,189,0,20,18046.0,439,219,220,220,0,16,21518.0,1333,666,667,667,0,21,64984.0,889,444,445,445,0,19,44986.0,1127,563,564,564,0,25,54597.0,645,322,323,323,0,22,31281.0,95,47,48,48,0,13,4467.0,765,382,383,383,0,18,39564.0,1807,903,904,904,0,20,85454.0,379,189,190,190,0,18,19365.0,185,92,93,93,0,14,9138.0,1265,632,633,633,0,21,63546.0,457,228,229,229,0,21,22503.0,75,37,38,38,0,10,3735.0,587,293,294,294,0,17,29522.0,1295,647,648,648,0,22,63321.0,629,314,315,315,0,17,33000.0
41600,95,47,48,48,0,12,4437.0,1065,532,533,533,0,20,52080.0,555,277,278,278,0,16,26655.0,393,196,197,197,0,20,18631.0,449,224,225,225,0,16,22092.0,1349,674,675,675,0,21,65599.0,895,447,448,448,0,19,45594.0,1141,570,571,571,0,25,55209.0,655,327,328,328,0,22,31855.0,107,53,54,54,0,14,5108.0,779,389,390,390,0,18,40210.0,1817,908,909,909,0,20,86051.0,399,199,200,200,0,18,19961.0,47,23,24,24,0,9,2327.0,1271,635,636,636,0,21,64171.0,465,232,233,233,0,21,23082.0,87,43,44,44,0,10,4349.0,603,301,302,302,0,17,30135.0,1303,651,652,652,0,22,63936.0,643,321,322,322,0,17,33613.0
41700,115,57,58,58,0,12,5025.0,1079,539,540,540,0,20,52683.0,579,289,290,290,0,16,27253.0,403,201,202,202,0,20,19223.0,467,233,234,234,0,17,22657.0,1361,680,681,681,0,21,66169.0,905,452,453,453,0,19,46236.0,1151,575,576,576,0,26,55835.0,669,334,335,335,0,22,32465.0,121,60,61,61,0,14,5661.0,795,397,398,398,0,18,40792.0,1823,911,912,912,0,20,86653.0,415,207,208,208,0,18,20578.0,67,33,34,34,0,10,2931.0,1285,642,643,643,0,21,64776.0,477,238,239,239,0,22,23679.0,99,49,50,50,0,11,4919.0,607,303,304,304,0,17,30721.0,1313,656,657,657,0,22,64566.0,655,327,328,328,0,17,34260.0
41800,123,61,62,62,0,13,5611.0,1095,547,548,548,0,20,53260.0,595,297,298,298,0,16,27854.0,417,208,209,209,0,20,19894.0,479,239,240,240,0,17,23236.0,1367,683,684,684,0,21,66786.0,909,454,455,455,0,19,46800.0,1171,585,586,586,0,26,56452.0,683,341,342,342,0,22,33050.0,137,68,69,69,0,15,6257.0,807,403,404,404,0,19,41387.0,1833,916,917,917,0,20,87276.0,427,213,214,214,0,18,21214.0,81,40,41,41,0,10,3552.0,1295,647,648,648,0,21,65351.0,489,244,245,245,0,22,24306.0,111,55,56,56,0,11,5522.0,619,309,310,310,0,17,31309.0,1329,664,665,665,0,22,65160.0,669,334,335,335,0,17,34847.0
41900,145,72,73,73,0,13,6252.0,1111,555,556,556,0,20,53842.0,609,304,305,305,0,16,28468.0,427,213,214,214,0,21,20500.0,489,244,245,245,0,17,23852.0,1371,685,686,686,0,21,67396.0,915,457,458,458,0,19,47388.0,1179,589,590,590,0,26,57086.0,695,347,348,348,0,22,33633.0,149,74,75,75,0,15,6884.0,817,408,409,409,0,19,41976.0,1841,920,921,921,0,20,87862.0,437,218,219,219,0,18,21775.0,97,48,49,49,0,11,4180.0,1311,655,656,656,0,21,65948.0,505,252,253,253,0,22,24894.0,127,63,64,64,0,11,6169.0,635,317,318,318,0,18,31895.0,1335,667,668,668,0,22,65757.0,23,11,12,12,0,6,879.0
42000,153,76,77,77,0,14,6854.0,1117,558,559,559,0,20,54375.0,621,310,311,311,0,16,29098.0,439,219,220,220,0,21,21058.0,497,248,249,249,0,17,24435.0,1383,691,692,692,0,22,67993.0,935,467,468,468,0,19,47980.0,1185,592,593,593,0,26,57700.0,705,352,353,353,0,22,34263.0,161,80,81,81,0,15,7481.0,827,413,414,414,0,19,42586.0,1851,925,926,926,0,20,88416.0,455,227,228,228,0,18,22397.0,111,55,56,56,0,11,4782.0,1317,658,659,659,0,21,66556.0,517,258,259,259,0,22,25508.0,139,69,70,70,0,12,6791.0,653,326,327,327,0,18,32471.0,1341,670,671,671,0,22,66311.0,31,15,16,16,0,8,1459.0
42100,167,83,84,84,0,14,7482.0,1129,564,565,565,0,20,54987.0,633,316,317,317,0,16,29643.0,453,226,227,227,0,21,21676.0,513,256,257,257,0,17,24990.0,1399,699,700,700,0,22,68619.0,961,480,481,481,0,19,48589.0,1199,599,600,600,0,26,58321.0,713,356,357,357,0,22,34899.0,169,84,85,85,0,15,8086.0,843,421,422,422,0,19,43169.0,1861,930,931,931,0,20,88962.0,459,229,230,230,0,18,22993.0,121,60,61,61,0,11,5384.0,1323,661,662,662,0,21,67139.0,523,261,262,262,0,22,26106.0,157,78,79,79,0,12,7389.0,659,329,330,330,0,18,33078.0,1355,677,678,678,0,22,66901.0,45,22,23,23,0,8,2047.0
42200,189,94,95,95,0,15,8064.0,1139,569,570,570,0,20,55524.0,641,320,321,321,0,16,30258.0,467,233,234,234,0,21,22254.0,523,261,262,262,0,17,25620.0,1409,704,705,705,0,22,69231.0,89,44,45,45,0,11,3746.0,1215,607,608,608,0,26,58926.0,721,360,361,361,0,23,35552.0,189,94,95,95,0,15,8690.0,865,432,433,433,0,19,43774.0,1879,939,940,940,0,20,89506.0,477,238,239,239,0,18,23596.0,141,70,71,71,0,12,6013.0,1339,669,670,670,0,21,67752.0,547,273,274,274,0,22,26691.0,35,17,18,18,0,9,2032.0,667,333,334,334,0,18,33672.0,1365,682,683,683,0,22,67547.0,63,31,32,32,0,9,2620.0
42300,203,101,102,102,0,15,8652.0,1147,573,574,574,0,20,56149.0,653,326,327,327,0,16,30848.0,471,235,236,236,0,21,22826.0,541,270,271,271,0,17,26206.0,1419,709,710,710,0,22,69848.0,97,48,49,49,0,12,4345.0,1223,611,612,612,0,26,59551.0,729,364,365,365,0,23,36102.0,207,103,104,104,0,16,9311.0,881,440,441,441,0,19,44374.0,1881,940,941,941,0,20,90080.0,1,0,1,1,0,1,7.0,157,78,79,79,0,12,6611.0,1347,673,674,674,0,21,68340.0,565,282,283,283,0,22,27307.0,47,23,24,24,0,9,2654.0,675,337,338,338,0,18,34274.0,1379,689,690,690,0,22,68117.0,71,35,36,36,0,10,3191.0
42400,219,109,110,110,0,15,9261.0,1159,579,580,580,0,20,56745.0,659,329,330,330,0,16,31436.0,493,246,247,247,0,21,23417.0,549,274,275,275,0,17,26779.0,1429,714,715,715,0,22,70459.0,111,55,56,56,0,12,4985.0,1233,616,617,617,0,26,60114.0,743,371,372,372,0,23,36703.0,219,109,110,110,0,16,9943.0,891,445,446,446,0,19,44955.0,1895,947,948,948,0,20,90679.0,13,6,7,7,0,6,624.0,167,83,84,84,0,13,7207.0,1357,678,679,679,0,21,68892.0,577,288,289,289,0,22,27917.0,59,29,30,30,0,10,3228.0,685,342,343,343,0,18,34886.0,1385,692,693,693,0,22,68753.0,85,42,43,43,0,10,3792.0
42500,229,114,115,115,0,15,9862.0,1169,584,585,585,0,20,57354.0,667,333,334,334,0,16,32017.0,509,254,255,255,0,21,24042.0,559,279,280,280,0,17,27359.0,1443,721,722,722,0,22,71078.0,129,64,65,65,0,13,5614.0,1247,623,624,624,0,26,60762.0,761,380,381,381,0,23,37304.0,227,113,114,114,0,16,10538.0,895,447,448,448,0,19,45596.0,1905,952,953,953,0,20,91277.0,25,12,13,13,0,9,1252.0,181,90,91,91,0,13,7840.0,1367,683,684,684,0,21,69450.0,589,294,295,295,0,22,28571.0,67,33,34,34,0,10,3844.0,699,349,350,350,0,18,35502.0,1397,698,699,699,0,22,69393.0,105,52,53,53,0,11,4384.0
42600,241,120,121,121,0,15,10439.0,1179,589,590,590,0,20,57903.0,689,344,345,345,0,16,32653.0,519,259,260,260,0,21,24675.0,569,284,285,285,0,18,27979.0,1453,726,727,727,0,22,71672.0,141,70,71,71,0,13,6225.0,1259,629,630,630,0,26,61301.0,767,383,384,384,0,23,37858.0,237,118,119,119,0,17,11098.0,911,455,456,456,0,19,46173.0,1915,957,958,958,0,20,91862.0,39,19,20,20,0,11,1907.0,189,94,95,95,0,13,8414.0,1379,689,690,690,0,21,70024.0,603,301,302,302,0,22,29167.0,83,41,42,42,0,11,4422.0,705,352,353,353,0,18,36094.0,1405,702,703,703,0,22,70020.0,117,58,59,59,0,11,4984.0
42700,249,124,125,125,0,15,11006.0,1187,593,594,594,0,20,58438.0,703,351,352,352,0,16,33259.0,529,264,265,265,0,22,25261.0,581,290,291,291,0,18,28564.0,1461,730,731,731,0,22,72276.0,151,75,76,76,0,14,6787.0,1281,640,641,641,0,26,61918.0,781,390,391,391,0,23,38444.0,251,125,126,126,0,17,11676.0,917,458,459,459,0,19,46791.0,1927,963,964,964,0,20,92495.0,51,25,26,26,0,12,2520.0,203,101,102,102,0,13,9023.0,1395,697,698,698,0,21,70637.0,623,311,312,312,0,22,29748.0,89,44,45,45,0,11,5049.0,713,356,357,357,0,18,36702.0,1417,708,709,709,0,22,70623.0,133,66,67,67,0,12,5592.0
42800,255,127,128,128,0,16,11614.0,1195,597,598,598,0,20,59019.0,723,361,362,362,0,16,33830.0,547,273,274,274,0,22,25854.0,589,294,295,295,0,18,29140.0,1467,733,734,734,0,22,72883.0,171,85,86,86,0,15,7387.0,1285,642,643,643,0,26,62502.0,789,394,395,395,0,23,39031.0,277,138,139,139,0,17,12251.0,923,461,462,462,0,19,47414.0,1943,971,972,972,0,20,93119.0,69,34,35,35,0,13,3130.0,213,106,107,107,0,13,9617.0,1403,701,702,702,0,21,71270.0,635,317,318,318,0,22,30332.0,101,50,51,51,0,11,5638.0,719,359,360,360,0,18,37286.0,1439,719,720,720,0,22,71202.0,145,72,73,73,0,12,6156.0
42900,265,132,133,133,0,16,12223.0,1201,600,601,601,0,20,59640.0,733,366,367,367,0,16,34417.0,557,278,279,279,0,22,26437.0,591,295,296,296,0,18,29727.0,1477,738,739,739,0,22,73474.0,181,90,91,91,0,15,7958.0,1301,650,651,651,0,26,63094.0,805,402,403,403,0,23,39649.0,287,143,144,144,0,17,12836.0,933,466,467,467,0,19,48051.0,1953,976,977,977,0,20,93745.0,75,37,38,38,0,13,3746.0,217,108,109,109,0,13,10215.0,1415,707,708,708,0,21,71880.0,645,322,323,323,0,22,30891.0,117,58,59,59,0,11,6191.0,733,366,367,367,0,18,37888.0,1455,727,728,728,0,22,71818.0,23,11,12,12,0,6,927.0
43000,275,137,138,138,0,16,12833.0,1211,605,606,606,0,20,60210.0,747,373,374,374,0,16,35046.0,571,285,286,286,0,22,27022.0,603,301,302,302,0,18,30335.0,1485,742,743,743,0,22,74072.0,189,94,95,95,0,16,8541.0,1309,654,655,655,0,26,63625.0,817,408,409,409,0,23,40218.0,301,150,151,151,0,17,13437.0,943,471,472,472,0,19,48684.0,1961,980,981,981,0,20,94342.0,85,42,43,43,0,13,4350.0,233,116,117,117,0,13,10775.0,1431,715,716,716,0,21,72483.0,665,332,333,333,0,22,31485.0,137,68,69,69,0,11,6853.0,743,371,372,372,0,18,38460.0,1465,732,733,733,0,22,72374.0,33,16,17,17,0,7,1584.0
43100,285,142,143,143,0,16,13379.0,1223,611,612,612,0,20,60838.0,761,380,381,381,0,16,35675.0,581,290,291,291,0,22,27584.0,609,304,305,305,0,18,30885.0,9,4,5,5,0,4,465.0,201,100,101,101,0,16,9141.0,1317,658,659,659,0,26,64248.0,825,412,413,413,0,23,40849.0,311,155,156,156,0,17,14033.0,953,476,477,477,0,19,49290.0,1969,984,985,985,0,20,94933.0,93,46,47,47,0,14,4956.0,243,121,122,122,0,13,11361.0,1441,720,721,721,0,21,73086.0,671,335,336,336,0,22,32065.0,141,70,71,71,0,11,7476.0,753,376,377,377,0,18,39016.0,1475,737,738,738,0,22,72944.0,47,23,24,24,0,7,2164.0
43200,297,148,149,149,0,17,14019.0,1241,620,621,621,0,20,61401.0,769,384,385,385,0,16,36279.0,589,294,295,295,0,22,28201.0,615,307,308,308,0,18,31486.0,21,10,11,11,0,6,1061.0,215,107,108,108,0,16,9752.0,1329,664,665,665,0,26,64858.0,831,415,416,416,0,23,41443.0,325,162,163,163,0,18,14616.0,965,482,483,483,0,19,49866.0,1987,993,994,994,0,20,95518.0,109,54,55,55,0,14,5552.0,251,125,126,126,0,14,11929.0,1451,725,726,726,0,21,73620.0,689,344,345,345,0,23,32648.0,151,75,76,76,0,12,8049.0,773,386,387,387,0,18,39639.0,1491,745,746,746,0,22,73551.0,55,27,28,28,0,7,2789.0
43300,309,154,155,155,0,17,14606.0,1255,627,628,628,0,20,62036.0,783,391,392,392,0,17,36888.0,601,300,301,301,0,22,28820.0,631,315,316,316,0,18,32082.0,35,17,18,18,0,8,1642.0,221,110,111,111,0,16,10377.0,1341,670,671,671,0,26,65448.0,847,423,424,424,0,23,42057.0,335,167,168,168,0,18,15201.0,979,489,490,490,0,19,50457.0,2001,1000,1001,1001,0,20,96169.0,117,58,59,59,0,14,6154.0,271,135,136,136,0,14,12501.0,1467,733,734,734,0,22,74182.0,701,350,351,351,0,23,33240.0,163,81,82,82,0,12,8626.0,789,394,395,395,0,18,40243.0,1501,750,751,751,0,22,74130.0,63,31,32,32,0,8,3379.0
43400,323,161,162,162,0,17,15231.0,1271,635,636,636,0,20,62686.0,789,394,395,395,0,17,37540.0,609,304,305,305,0,22,29435.0,645,322,323,323,0,18,32628.0,45,22,23,23,0,9,2257.0,241,120,121,121,0,17,10971.0,1355,677,678,678,0,26,66058.0,861,430,431,431,0,23,42624.0,349,174,175,175,0,18,15826.0,987,493,494,494,0,19,51053.0,2009,1004,1005,1005,0,20,96773.0,135,67,68,68,0,15,6707.0,273,136,137,137,0,14,13087.0,1475,737,738,738,0,22,74774.0,713,356,357,357,0,23,33847.0,169,84,85,85,0,12,9195.0,803,401,402,402,0,18,40850.0,43,21,22,22,0,9,2083.0,81,40,41,41,0,9,3924.0
43500,341,170,171,171,0,17,15894.0,1281,640,641,641,0,20,63295.0,799,399,400,400,0,17,38125.0,625,312,313,313,0,22,30117.0,659,329,330,330,0,18,33227.0,57,28,29,29,0,10,2864.0,253,126,127,127,0,17,11594.0,1361,680,681,681,0,26,66648.0,873,436,437,437,0,23,43219.0,359,179,180,180,0,18,16441.0,1009,504,505,505,0,19,51648.0,2019,1009,1010,1010,0,20,97355.0,147,73,74,74,0,15,7325.0,285,142,143,143,0,14,13729.0,1483,741,742,742,0,22,75340.0,723,361,362,362,0,23,34490.0,185,92,93,93,0,12,9787.0,819,409,410,410,0,18,41405.0,51,25,26,26,0,10,2697.0,91,45,46,46,0,9,4550.0
43600,349,174,175,175,0,18,16490.0,1291,645,646,646,0,20,63898.0,809,404,405,405,0,17,38685.0,641,320,321,321,0,22,30740.0,681,340,341,341,0,18,33869.0,71,35,36,36,0,11,3459.0,265,132,133,133,0,17,12164.0,1377,688,689,689,0,26,67256.0,893,446,447,447,0,23,43818.0,371,185,186,186,0,18,17018.0,1021,510,511,511,0,19,52200.0,2027,1013,1014,1014,0,20,97975.0,159,79,80,80,0,15,7920.0,297,148,149,149,0,14,14350.0,1499,749,750,750,0,22,75969.0,729,364,365,365,0,23,35110.0,207,103,104,104,0,12,10402.0,829,414,415,415,0,18,42029.0,67,33,34,34,0,11,3319.0,99,49,50,50,0,9,5185.0
43700,363,181,182,182,0,18,17084.0,1307,653,654,654,0,20,64534.0,823,411,412,412,0,17,39319.0,645,322,323,323,0,22,31335.0,701,350,351,351,0,19,34476.0,85,42,43,43,0,12,4053.0,279,139,140,140,0,17,12824.0,1385,692,693,693,0,26,67876.0,905,452,453,453,0,23,44379.0,383,191,192,192,0,18,17561.0,1041,520,521,521,0,19,52846.0,2037,1018,1019,1019,0,20,98574.0,173,86,87,87,0,16,8529.0,311,155,156,156,0,14,14948.0,1503,751,752,752,0,22,76556.0,739,369,370,370,0,23,35734.0,215,107,108,108,0,12,10998.0,841,420,421,421,0,18,42597.0,75,37,38,38,0,11,3898.0,113,56,57,57,0,10,5822.0
43800,373,186,187,187,0,18,17705.0,1317,658,659,659,0,20,65144.0,829,414,415,415,0,17,39917.0,663,331,332,332,0,22,31950.0,717,358,359,359,0,19,35070.0,99,49,50,50,0,13,4654.0,293,146,147,147,0,17,13425.0,1395,697,698,698,0,26,68424.0,253,126,127,127,0,15,12058.0,391,195,196,196,0,18,18156.0,1057,528,529,529,0,20,53444.0,2047,1023,1024,1024,0,20,99150.0,189,94,95,95,0,16,9088.0,321,160,161,161,0,14,15531.0,1515,757,758,758,0,22,77145.0,755,377,378,378,0,23,36331.0,225,112,113,113,0,12,11643.0,853,426,427,427,0,18,43219.0,83,41,42,42,0,11,4487.0,125,62,63,63,0,10,6424.0
43900,391,195,196,196,0,18,18327.0,1331,665,666,666,0,20,65716.0,839,419,420,420,0,17,40506.0,675,337,338,338,0,22,32548.0,727,363,364,364,0,19,35665.0,111,55,56,56,0,14,5257.0,307,153,154,154,0,18,14008.0,1405,702,703,703,0,26,69013.0,271,135,136,136,0,15,12656.0,397,198,199,199,0,18,18779.0,1069,534,535,535,0,20,54044.0,2067,1033,1034,1034,0,20,99752.0,57,28,29,29,0,8,2599.0,327,163,164,164,0,14,16104.0,1525,762,763,763,0,22,77761.0,767,383,384,384,0,23,36907.0,237,118,119,119,0,12,12261.0,67,33,34,34,0,9,2846.0,101,50,51,51,0,12,5050.0,133,66,67,67,0,10,7020.0
44000,399,199,200,200,0,18,18930.0,1349,674,675,675,0,21,66317.0,849,424,425,425,0,17,41087.0,681,340,341,341,0,22,33101.0,737,368,369,369,0,19,36305.0,121,60,61,61,0,14,5835.0,319,159,160,160,0,18,14605.0,1423,711,712,712,0,26,69631.0,283,141,142,142,0,15,13293.0,415,207,208,208,0,18,19312.0,1079,539,540,540,0,20,54643.0,2079,1039,1040,1040,0,20,100384.0,69,34,35,35,0,9,3215.0,339,169,170,170,0,14,16736.0,1535,767,768,768,0,22,78381.0,779,389,390,390,0,23,37469.0,253,126,127,127,0,13,12855.0,85,42,43,43,0,10,3465.0,111,55,56,56,0,12,5636.0,139,69,70,70,0,10,7628.0
44100,415,207,208,208,0,19,19535.0,1359,679,680,680,0,21,66937.0,859,429,430,430,0,17,41691.0,699,349,350,350,0,23,33679.0,749,374,375,375,0,19,36897.0,131,65,66,66,0,14,6479.0,335,167,168,168,0,18,15179.0,1437,718,719,719,0,26,70220.0,293,146,147,147,0,15,13900.0,431,215,216,216,0,18,19932.0,1091,545,546,546,0,20,55243.0,2097,1048,1049,1049,0,20,100990.0,87,43,44,44,0,10,3795.0,353,176,177,177,0,15,17338.0,1543,771,772,772,0,22,78952.0,787,393,394,394,0,23,38085.0,59,29,30,30,0,11,2650.0,97,48,49,49,0,11,4061.0,123,61,62,62,0,13,6274.0,161,80,81,81,0,11,8280.0
44200,431,215,216,216,0,19,20125.0,1375,687,688,688,0,21,67607.0,881,440,441,441,0,17,42312.0,707,353,354,354,0,23,34216.0,761,380,381,381,0,19,37532.0,139,69,70,70,0,14,7076.0,345,172,173,173,0,18,15762.0,1451,725,726,726,0,26,70832.0,303,151,152,152,0,16,14483.0,441,220,221,221,0,19,20496.0,1111,555,556,556,0,20,55836.0,2109,1054,1055,1055,0,20,101615.0,103,51,52,52,0,10,4358.0,365,182,183,183,0,15,17952.0,1555,777,778,778,0,22,79530.0,793,396,397,397,0,23,38672.0,71,35,36,36,0,12,3241.0,113,56,57,57,0,11,4666.0,127,63,64,64,0,13,6866.0,173,86,87,87,0,11,8910.0
44300,443,221,222,222,0,19,20701.0,1391,695,696,696,0,21,68212.0,889,444,445,445,0,17,42923.0,717,358,359,359,0,23,34803.0,779,389,390,390,0,19,38148.0,153,76,77,77,0,14,7678.0,353,176,177,177,0,19,16369.0,1463,731,732,732,0,26,71449.0,313,156,157,157,0,16,15083.0,459,229,230,230,0,19,21095.0,1119,559,560,560,0,20,56427.0,2121,1060,1061,1061,0,20,102209.0,107,53,54,54,0,10,4977.0,379,189,190,190,0,15,18541.0,1559,779,780,780,0,22,80100.0,813,406,407,407,0,23,39257.0,87,43,44,44,0,13,3842.0,121,60,61,61,0,12,5235.0,135,67,68,68,0,13,7408.0,183,91,92,92,0,11,9509.0
44400,453,226,227,227,0,19,21306.0,1399,699,700,700,0,21,68856.0,899,449,450,450,0,17,43531.0,729,364,365,365,0,23,35413.0,785,392,393,393,0,19,38768.0,165,82,83,83,0,15,8253.0,365,182,183,183,0,19,16965.0,1473,736,737,737,0,26,72050.0,335,167,168,168,0,16,15716.0,475,237,238,238,0,19,21678.0,1133,566,567,567,0,20,56971.0,2137,1068,1069,1069,0,20,102815.0,121,60,61,61,0,11,5614.0,387,193,194,194,0,15,19145.0,1569,784,785,785,0,22,80723.0,827,413,414,414,0,23,39842.0,101,50,51,51,0,13,4464.0,131,65,66,66,0,12,5817.0,149,74,75,75,0,14,8005.0,199,99,100,100,0,12,10092.0
44500,463,231,232,232,0,19,21867.0,1409,704,705,705,0,21,69478.0,919,459,460,460,0,17,44124.0,739,369,370,370,0,23,36012.0,801,400,401,401,0,19,39343.0,181,90,91,91,0,15,8840.0,385,192,193,193,0,19,17535.0,1487,743,744,744,0,26,72624.0,343,171,172,172,0,16,16317.0,487,243,244,244,0,19,22251.0,1139,569,570,570,0,20,57544.0,2153,1076,1077,1077,0,20,103375.0,135,67,68,68,0,11,6227.0,403,201,202,202,0,15,19777.0,1585,792,793,793,0,22,81336.0,843,421,422,422,0,23,40423.0,111,55,56,56,0,13,5049.0,151,75,76,76,0,12,6428.0,157,78,79,79,0,14,8615.0,209,104,105,105,0,12,10661.0
44600,473,236,237,237,0,19,22430.0,1421,710,711,711,0,21,70080.0,933,466,467,467,0,17,44723.0,759,379,380,380,0,23,36627.0,825,412,413,413,0,19,39948.0,197,98,99,99,0,15,9410.0,103,51,52,52,0,12,4778.0,1509,754,755,755,0,26,73211.0,357,178,179,179,0,16,16942.0,503,251,252,252,0,19,22849.0,1155,577,578,578,0,20,58115.0,2163,1081,1082,1082,0,20,104011.0,143,71,72,72,0,11,6776.0,415,207,208,208,0,16,20341.0,1593,796,797,797,0,22,81934.0,851,425,426,426,0,23,41039.0,127,63,64,64,0,13,5680.0,163,81,82,82,0,12,7020.0,171,85,86,86,0,14,9215.0,227,113,114,114,0,12,11239.0
44700,481,240,241,241,0,19,22984.0,1439,719,720,720,0,21,70641.0,961,480,481,481,0,18,45371.0,775,387,388,388,0,23,37223.0,835,417,418,418,0,19,40574.0,209,104,105,105,0,15,10018.0,121,60,61,61,0,12,5396.0,1525,762,763,763,0,26,73795.0,369,184,185,185,0,16,17522.0,517,258,259,259,0,19,23450.0,1169,584,585,585,0,20,58702.0,2183,1091,1092,1092,0,20,104621.0,163,81,82,82,0,12,7405.0,431,215,216,216,0,16,20943.0,1617,808,809,809,0,22,82537.0,865,432,433,433,0,23,41628.0,135,67,68,68,0,14,6217.0,175,87,88,88,0,13,7610.0,181,90,91,91,0,14,9815.0,135,67,68,68,0,17,6610.0
44800,67,33,34,34,0,11,3394.0,1449,724,725,725,0,21,71251.0,969,484,485,485,0,18,46001.0,791,395,396,396,0,23,37849.0,851,425,426,426,0,19,41177.0,219,109,110,110,0,16,10617.0,129,64,65,65,0,12,5994.0,1535,767,768,768,0,26,74426.0,381,190,191,191,0,16,18135.0,525,262,263,263,0,19,24014.0,1173,586,587,587,0,20,59268.0,2201,1100,1101,1101,0,20,105213.0,175,87,88,88,0,12,8002.0,447,223,224,224,0,16,21489.0,1633,816,817,817,0,22,83109.0,881,440,441,441,0,23,42214.0,145,72,73,73,0,14,6827.0,191,95,96,96,0,13,8229.0,199,99,100,100,0,14,10413.0,143,71,72,72,0,17,7201.0
44900,83,41,42,42,0,12,4015.0,1453,726,727,727,0,21,71796.0,979,489,490,490,0,18,46582.0,801,400,401,401,0,23,38445.0,857,428,429,429,0,19,41765.0,9,4,5,5,0,5,662.0,139,69,70,70,0,12,6583.0,1547,773,774,774,0,26,75003.0,391,195,196,196,0,17,18689.0,533,266,267,267,0,19,24621.0,1187,593,594,594,0,20,59865.0,2209,1104,1105,1105,0,20,105843.0,183,91,92,92,0,12,8581.0,475,237,238,238,0,16,22111.0,1645,822,823,823,0,22,83698.0,895,447,448,448,0,23,42814.0,161,80,81,81,0,14,7486.0,197,98,99,99,0,13,8850.0,209,104,105,105,0,15,10990.0,155,77,78,78,0,17,7798.0
45000,93,46,47,47,0,12,4626.0,1463,731,732,732,0,21,72346.0,995,497,498,498,0,18,47129.0,809,404,405,405,0,23,39035.0,867,433,434,434,0,19,42364.0,25,12,13,13,0,7,1275.0,151,75,76,76,0,13,7137.0,1561,780,781,781,0,26,75579.0,399,199,200,200,0,17,19304.0,541,270,271,271,0,19,25206.0,1203,601,602,602,0,20,60442.0,2223,1111,1112,1112,0,21,106500.0,191,95,96,96,0,12,9205.0,487,243,244,244,0,16,22685.0,1665,832,833,833,0,22,84266.0,901,450,451,451,0,23,43422.0,169,84,85,85,0,14,8103.0,211,105,106,106,0,14,9395.0,219,109,110,110,0,15,11574.0,169,84,85,85,0,18,8399.0
45100,103,51,52,52,0,12,5200.0,1477,738,739,739,0,21,72912.0,1015,507,508,508,0,18,47689.0,817,408,409,409,0,23,39631.0,885,442,443,443,0,19,42947.0,35,17,18,18,0,8,1831.0,161,80,81,81,0,13,7759.0,1565,782,783,783,0,26,76148.0,409,204,205,205,0,17,19929.0,543,271,272,272,0,19,25799.0,1211,605,606,606,0,20,61032.0,2237,1118,1119,1119,0,21,107107.0,205,102,103,103,0,12,9822.0,497,248,249,249,0,16,23331.0,1681,840,841,841,0,22,84847.0,919,459,460,460,0,23,44014.0,179,89,90,90,0,14,8707.0,221,110,111,111,0,14,9989.0,225,112,113,113,0,15,12145.0,175,87,88,88,0,18,8989.0
45200,117,58,59,59,0,13,5806.0,1485,742,743,743,0,21,73513.0,1025,512,513,513,0,18,48348.0,835,417,418,418,0,23,40249.0,907,453,454,454,0,19,43590.0,49,24,25,25,0,10,2468.0,171,85,86,86,0,13,8377.0,1579,789,790,790,0,26,76737.0,421,210,211,211,0,17,20530.0,551,275,276,276,0,19,26403.0,1223,611,612,612,0,20,61713.0,2249,1124,1125,1125,0,21,107710.0,217,108,109,109,0,12,10446.0,511,255,256,256,0,16,23886.0,1689,844,845,845,0,22,85417.0,931,465,466,466,0,23,44649.0,191,95,96,96,0,15,9317.0,231,115,116,116,0,14,10630.0,251,125,126,126,0,15,12739.0,189,94,95,95,0,19,9590.0
45300,131,65,66,66,0,13,6397.0,1505,752,753,753,0,21,74099.0,1037,518,519,519,0,18,48946.0,853,426,427,427,0,23,40839.0,919,459,460,460,0,19,44192.0,65,32,33,33,0,11,3101.0,183,91,92,92,0,13,8988.0,1583,791,792,792,0,26,77338.0,431,215,216,216,0,17,21128.0,15,7,8,8,0,5,638.0,1233,616,617,617,0,20,62316.0,2255,1127,1128,1128,0,21,108292.0,227,113,114,114,0,13,11062.0,523,261,262,262,0,16,24493.0,1701,850,851,851,0,22,86007.0,937,468,469,469,0,23,45257.0,201,100,101,101,0,15,9925.0,241,120,121,121,0,14,11210.0,263,131,132,132,0,15,13310.0,207,103,104,104,0,19,10202.0
45400,147,73,74,74,0,13,6991.0,1527,763,764,764,0,21,74750.0,1047,523,524,524,0,18,49555.0,869,434,435,435,0,23,41489.0,925,462,463,463,0,19,44754.0,75,37,38,38,0,11,3673.0,191,95,96,96,0,13,9578.0,1601,800,801,801,0,26,77929.0,443,221,222,222,0,17,21735.0,23,11,12,12,0,6,1251.0,1247,623,624,624,0,20,62928.0,2257,1128,1129,1129,0,21,108896.0,239,119,120,120,0,13,11654.0,535,267,268,268,0,16,25101.0,1715,857,858,858,0,22,86583.0,943,471,472,472,0,23,45858.0,219,109,110,110,0,16,10544.0,263,131,132,132,0,14,11798.0,269,134,135,135,0,15,13934.0,227,113,114,114,0,19,10811.0
45500,157,78,79,79,0,13,7580.0,1537,768,769,769,0,21,75343.0,1061,530,531,531,0,18,50177.0,883,441,442,442,0,23,42056.0,937,468,469,469,0,19,45350.0,91,45,46,46,0,12,4282.0,207,103,104,104,0,13,10136.0,1617,808,809,809,0,26,78558.0,455,227,228,228,0,17,22330.0,31,15,16,16,0,7,1873.0,1255,627,628,628,0,20,63501.0,2267,1133,1134,1134,0,21,109499.0,255,127,128,128,0,13,12270.0,543,271,272,272,0,16,25718.0,1739,869,870,870,0,22,87176.0,951,475,476,476,0,23,46437.0,233,116,117,117,0,16,11168.0,273,136,137,137,0,15,12395.0,281,140,141,141,0,15,14530.0,241,120,121,121,0,19,11462.0
45600,171,85,86,86,0,14,8170.0,1557,778,779,779,0,21,75961.0,1073,536,537,537,0,18,50750.0,893,446,447,447,0,23,42682.0,953,476,477,477,0,19,45971.0,103,51,52,52,0,12,4916.0,219,109,110,110,0,13,10733.0,1633,816,817,817,0,26,79173.0,469,234,235,235,0,17,22967.0,45,22,23,23,0,8,2438.0,1281,640,641,641,0,21,64112.0,2277,1138,1139,1139,0,21,110091.0,279,139,140,140,0,13,12906.0,553,276,277,277,0,16,26344.0,1745,872,873,873,0,22,87838.0,961,480,481,481,0,23,47034.0,245,122,123,123,0,17,11783.0,285,142,143,143,0,15,13042.0,297,148,149,149,0,16,15118.0,245,122,123,123,0,19,12083.0
45700,177,88,89,89,0,14,8751.0,1573,786,787,787,0,21,76556.0,1085,542,543,543,0,18,51325.0,905,452,453,453,0,23,43293.0,963,481,482,482,0,19,46563.0,119,59,60,60,0,12,5537.0,241,120,121,121,0,14,11304.0,1649,824,825,825,0,26,79845.0,479,239,240,240,0,17,23585.0,61,30,31,31,0,9,3027.0,1297,648,649,649,0,21,64695.0,2293,1146,1147,1147,0,21,110711.0,283,141,142,142,0,13,13497.0,571,285,286,286,0,16,26922.0,1767,883,884,884,0,22,88417.0,969,484,485,485,0,23,47603.0,257,128,129,129,0,17,12375.0,299,149,150,150,0,15,13657.0,309,154,155,155,0,16,15699.0,251,125,126,126,0,19,12688.0
45800,191,95,96,96,0,14,9325.0,1585,792,793,793,0,22,77196.0,1095,547,548,548,0,18,51911.0,921,460,461,461,0,23,43937.0,969,484,485,485,0,19,47169.0,133,66,67,67,0,13,6158.0,257,128,129,129,0,14,11925.0,1661,830,831,831,0,27,80480.0,495,247,248,248,0,17,24196.0,75,37,38,38,0,10,3607.0,1311,655,656,656,0,21,65263.0,2307,1153,1154,1154,0,21,111272.0,293,146,147,147,0,13,14118.0,587,293,294,294,0,16,27534.0,1775,887,888,888,0,22,88996.0,973,486,487,487,0,23,48159.0,271,135,136,136,0,18,12963.0,309,154,155,155,0,15,14279.0,315,157,158,158,0,16,16285.0,263,131,132,132,0,19,13314.0
45900,203,101,102,102,0,14,9939.0,1597,798,799,799,0,22,77776.0,1111,555,556,556,0,18,52565.0,925,462,463,463,0,23,44479.0,979,489,490,490,0,19,47737.0,141,70,71,71,0,13,6762.0,267,133,134,134,0,14,12491.0,1679,839,840,840,0,27,81118.0,515,257,258,258,0,18,24820.0,79,39,40,40,0,10,4169.0,1323,661,662,662,0,21,65866.0,2325,1162,1163,1163,0,21,111872.0,307,153,154,154,0,13,14733.0,599,299,300,300,0,17,28149.0,1779,889,890,890,0,22,89546.0,989,494,495,495,0,23,48770.0,285,142,143,143,0,18,13521.0,327,163,164,164,0,15,14883.0,319,159,160,160,0,16,16870.0,275,137,138,138,0,20,13877.0
46000,219,109,110,110,0,15,10548.0,1607,803,804,804,0,22,78371.0,1123,561,562,562,0,18,53121.0,941,470,471,471,0,24,45129.0,995,497,498,498,0,19,48361.0,151,75,76,76,0,13,7347.0,279,139,140,140,0,14,13110.0,1687,843,844,844,0,27,81722.0,529,264,265,265,0,18,25397.0,91,45,46,46,0,11,4785.0,1335,667,668,668,0,21,66455.0,2339,1169,1170,1170,0,21,112462.0,333,166,167,167,0,13,15363.0,609,304,305,305,0,17,28742.0,1793,896,897,897,0,22,90170.0,997,498,499,499,0,23,49385.0,297,148,149,149,0,19,14078.0,337,168,169,169,0,16,15475.0,335,167,168,168,0,16,17510.0,289,144,145,145,0,20,14487.0
46100,229,114,115,115,0,15,11086.0,1615,807,808,808,0,22,78983.0,1131,565,566,566,0,18,53714.0,945,472,473,473,0,24,45701.0,1009,504,505,505,0,19,48936.0,167,83,84,84,0,13,7958.0,289,144,145,145,0,14,13733.0,1693,846,847,847,0,27,82318.0,541,270,271,271,0,18,26025.0,101,50,51,51,0,11,5357.0,1345,672,673,673,0,21,67068.0,2343,1171,1172,1172,0,21,113067.0,337,168,169,169,0,13,15939.0,613,306,307,307,0,17,29355.0,1805,902,903,903,0,22,90753.0,1003,501,502,502,0,23,49968.0,307,153,154,154,0,19,14656.0,353,176,177,177,0,16,16038.0,355,177,178,178,0,16,18109.0,299,149,150,150,0,20,15087.0
46200,239,119,120,120,0,15,11713.0,1625,812,813,813,0,22,79587.0,1143,571,572,572,0,18,54344.0,957,478,479,479,0,24,46276.0,1025,512,513,513,0,19,49523.0,181,90,91,91,0,14,8554.0,297,148,149,149,0,14,14324.0,1709,854,855,855,0,27,82943.0,551,275,276,276,0,18,26580.0,107,53,54,54,0,11,5983.0,1357,678,679,679,0,21,67640.0,2359,1179,1180,1180,0,21,113687.0,351,175,176,176,0,14,16580.0,629,314,315,315,0,17,29928.0,1809,904,905,905,0,22,91356.0,1017,508,509,509,0,23,50551.0,321,160,161,161,0,19,15219.0,365,182,183,183,0,16,16599.0,365,182,183,183,0,16,18707.0,309,154,155,155,0,20,15704.0
46300,251,125,126,126,0,15,12307.0,1635,817,818,818,0,22,80215.0,1159,579,580,580,0,18,54942.0,977,488,489,489,0,24,46899.0,1041,520,521,521,0,19,50145.0,193,96,97,97,0,14,9183.0,311,155,156,156,0,14,14883.0,1723,861,862,862,0,27,83531.0,567,283,284,284,0,18,27137.0,119,59,60,60,0,12,6590.0,1367,683,684,684,0,21,68274.0,2363,1181,1182,1182,0,21,114246.0,365,182,183,183,0,14,17193.0,645,322,323,323,0,17,30563.0,1817,908,909,909,0,22,91950.0,1029,514,515,515,0,23,51141.0,333,166,167,167,0,19,15826.0,367,183,184,184,0,16,17188.0,375,187,188,188,0,16,19290.0,319,159,160,160,0,20,16303.0
46400,263,131,132,132,0,15,12948.0,1649,824,825,825,0,22,80886.0,1171,585,586,586,0,18,55543.0,993,496,497,497,0,24,47548.0,1045,522,523,523,0,19,50769.0,209,104,105,105,0,15,9758.0,327,163,164,164,0,14,15493.0,1729,864,865,865,0,27,84121.0,583,291,292,292,0,18,27741.0,133,66,67,67,0,12,7168.0,1377,688,689,689,0,21,68857.0,2377,1188,1189,1189,0,21,114838.0,371,185,186,186,0,14,17746.0,657,328,329,329,0,17,31184.0,1833,916,917,917,0,22,92531.0,1043,521,522,522,0,23,51698.0,5,2,3,3,0,3,208.0,385,192,193,193,0,16,17783.0,387,193,194,194,0,17,19871.0,333,166,167,167,0,20,16873.0
46500,279,139,140,140,0,15,13539.0,1661,830,831,831,0,22,81477.0,1195,597,598,598,0,18,56133.0,1009,504,505,505,0,24,48127.0,1055,527,528,528,0,19,51413.0,221,110,111,111,0,15,10346.0,343,171,172,172,0,14,16105.0,1745,872,873,873,0,27,84692.0,603,301,302,302,0,18,28365.0,141,70,71,71,0,13,7761.0,1387,693,694,694,0,21,69444.0,2387,1193,1194,1194,0,21,115444.0,375,187,188,188,0,14,18316.0,673,336,337,337,0,17,31771.0,1843,921,922,922,0,22,93103.0,1061,530,531,531,0,24,52267.0,15,7,8,8,0,5,806.0,399,199,200,200,0,16,18359.0,399,199,200,200,0,17,20452.0,347,173,174,174,0,20,17506.0
46600,287,143,144,144,0,16,14168.0,1675,837,838,838,0,22,82046.0,1203,601,602,602,0,18,56740.0,1025,512,513,513,0,24,48727.0,1059,529,530,530,0,19,52007.0,229,114,115,115,0,15,10969.0,355,177,178,178,0,14,16672.0,111,55,56,56,0,12,5403.0,617,308,309,309,0,18,28985.0,157,78,79,79,0,13,8395.0,1397,698,699,699,0,21,70029.0,2399,1199,1200,1200,0,21,116056.0,389,194,195,195,0,14,18892.0,679,339,340,340,0,17,32354.0,1847,923,924,924,0,22,93689.0,1079,539,540,540,0,24,52826.0,31,15,16,16,0,7,1351.0,419,209,210,210,0,16,18974.0,403,201,202,202,0,17,21030.0,359,179,180,180,0,20,18111.0
46700,301,150,151,151,0,16,14776.0,1693,846,847,847,0,22,82667.0,1215,607,608,608,0,18,57291.0,1041,520,521,521,0,24,49361.0,1071,535,536,536,0,19,52604.0,245,122,123,123,0,15,11593.0,371,185,186,186,0,15,17275.0,127,63,64,64,0,13,6010.0,625,312,313,313,0,18,29550.0,167,83,84,84,0,13,8988.0,1411,705,706,706,0,21,70626.0,2423,1211,1212,1212,0,21,116668.0,403,201,202,202,0,14,19456.0,695,347,348,348,0,17,32951.0,1865,932,933,933,0,22,94277.0,1089,544,545,545,0,24,53453.0,41,20,21,21,0,9,1941.0,433,216,217,217,0,16,19560.0,415,207,208,208,0,17,21616.0,375,187,188,188,0,20,18748.0
46800,317,158,159,159,0,16,15377.0,1707,853,854,854,0,22,83222.0,1227,613,614,614,0,18,57919.0,1059,529,530,530,0,24,49942.0,1079,539,540,540,0,19,53177.0,251,125,126,126,0,15,12178.0,381,190,191,191,0,15,17862.0,139,69,70,70,0,13,6580.0,637,318,319,319,0,18,30146.0,177,88,89,89,0,13,9603.0,1423,711,712,712,0,21,71197.0,2433,1216,1217,1217,0,21,117268.0,421,210,211,211,0,15,20099.0,707,353,354,354,0,17,33540.0,1877,938,939,939,0,22,94883.0,1103,551,552,552,0,24,54049.0,55,27,28,28,0,10,2549.0,461,230,231,231,0,16,20208.0,425,212,213,213,0,17,22215.0,383,191,192,192,0,20,19344.0
46900,333,166,167,167,0,16,15988.0,1723,861,862,862,0,22,83807.0,1247,623,624,624,0,18,58539.0,1061,530,531,531,0,24,50566.0,1087,543,544,544,0,19,53755.0,265,132,133,133,0,15,12810.0,397,198,199,199,0,15,18447.0,147,73,74,74,0,13,7175.0,647,323,324,324,0,18,30743.0,181,90,91,91,0,13,10185.0,1445,722,723,723,0,21,71795.0,2447,1223,1224,1224,0,21,117836.0,433,216,217,217,0,15,20652.0,715,357,358,358,0,17,34126.0,1895,947,948,948,0,22,95489.0,1119,559,560,560,0,24,54651.0,69,34,35,35,0,10,3134.0,475,237,238,238,0,16,20782.0,441,220,221,221,0,17,22851.0,393,196,197,197,0,20,19929.0
47000,335,167,168,168,0,16,16581.0,1727,863,864,864,0,22,84420.0,1265,632,633,633,0,18,59150.0,1063,531,532,532,0,24,51175.0,1099,549,550,550,0,19,54347.0,277,138,139,139,0,16,13398.0,407,203,204,204,0,15,19041.0,165,82,83,83,0,14,7774.0,669,334,335,335,0,19,31344.0,193,96,97,97,0,13,10789.0,1459,729,730,730,0,21,72350.0,2463,1231,1232,1232,0,21,118456.0,445,222,223,223,0,15,21268.0,727,363,364,364,0,17,34735.0,1907,953,954,954,0,22,96085.0,1139,569,570,570,0,24,55258.0,77,38,39,39,0,10,3773.0,479,239,240,240,0,16,21365.0,457,228,229,229,0,17,23417.0,415,207,208,208,0,21,20526.0
47100,351,175,176,176,0,16,17242.0,1735,867,868,868,0,22,84999.0,1281,640,641,641,0,18,59707.0,1077,538,539,539,0,24,51774.0,1111,555,556,556,0,19,54957.0,287,143,144,144,0,16,13949.0,425,212,213,213,0,15,19692.0,175,87,88,88,0,15,8377.0,685,342,343,343,0,19,31923.0,205,102,103,103,0,14,11397.0,1485,742,743,743,0,21,72947.0,2473,1236,1237,1237,0,21,119028.0,455,227,228,228,0,15,21875.0,745,372,373,373,0,17,35369.0,1915,957,958,958,0,23,96663.0,1149,574,575,575,0,24,55849.0,95,47,48,48,0,11,4370.0,485,242,243,243,0,16,22010.0,469,234,235,235,0,17,23987.0,429,214,215,215,0,21,21147.0
47200,367,183,184,184,0,16,17837.0,1743,871,872,872,0,22,85614.0,1297,648,649,649,0,18,60315.0,1089,544,545,545,0,24,52373.0,1119,559,560,560,0,19,55551.0,99,49,50,50,0,10,4416.0,439,219,220,220,0,16,20299.0,193,96,97,97,0,15,8940.0,701,350,351,351,0,19,32548.0,19,9,10,10,0,7,741.0,1497,748,749,749,0,21,73557.0,2483,1241,1242,1242,0,21,119638.0,471,235,236,236,0,15,22519.0,761,380,381,381,0,18,35964.0,1929,964,965,965,0,23,97240.0,1169,584,585,585,0,24,56446.0,105,52,53,53,0,11,5014.0,503,251,252,252,0,16,22584.0,477,238,239,239,0,17,24622.0,439,219,220,220,0,21,21758.0
47300,375,187,188,188,0,16,18469.0,1763,881,882,882,0,22,86230.0,1299,649,650,650,0,18,60918.0,1101,550,551,551,0,24,52933.0,1131,565,566,566,0,19,56164.0,119,59,60,60,0,11,5031.0,451,225,226,226,0,16,20940.0,201,100,101,101,0,15,9537.0,715,357,358,358,0,19,33203.0,31,15,16,16,0,8,1314.0,1507,753,754,754,0,21,74135.0,2489,1244,1245,1245,0,21,120251.0,479,239,240,240,0,15,23142.0,771,385,386,386,0,18,36565.0,1939,969,970,970,0,23,97828.0,1181,590,591,591,0,24,57058.0,121,60,61,61,0,12,5608.0,507,253,254,254,0,16,23159.0,491,245,246,246,0,17,25205.0,451,225,226,226,0,21,22311.0
47400,381,190,191,191,0,16,19109.0,1781,890,891,891,0,22,86847.0,1313,656,657,657,0,18,61465.0,1107,553,554,554,0,24,53531.0,1147,573,574,574,0,19,56810.0,129,64,65,65,0,11,5610.0,465,232,233,233,0,16,21506.0,211,105,106,106,0,15,10146.0,11,5,6,6,0,6,459.0,43,21,22,22,0,10,1929.0,1517,758,759,759,0,21,74728.0,2499,1249,1250,1250,0,21,120835.0,489,244,245,245,0,15,23719.0,783,391,392,392,0,18,37166.0,1949,974,975,975,0,23,98429.0,1203,601,602,602,0,24,57659.0,131,65,66,66,0,12,6245.0,517,258,259,259,0,16,23740.0,497,248,249,249,0,17,25779.0,469,234,235,235,0,21,22925.0
47500,401,200,201,201,0,17,19753.0,1787,893,894,894,0,22,87410.0,1323,661,662,662,0,18,62039.0,1121,560,561,561,0,24,54074.0,1165,582,583,583,0,19,57392.0,137,68,69,69,0,11,6226.0,479,239,240,240,0,16,22138.0,229,114,115,115,0,16,10757.0,25,12,13,13,0,10,1039.0,61,30,31,31,0,11,2514.0,1531,765,766,766,0,21,75336.0,2509,1254,1255,1255,0,21,121459.0,501,250,251,251,0,15,24361.0,797,398,399,399,0,18,37737.0,1957,978,979,979,0,23,99027.0,1225,612,613,613,0,24,58233.0,141,70,71,71,0,12,6857.0,531,265,266,266,0,16,24355.0,513,256,257,257,0,18,26402.0,479,239,240,240,0,21,23511.0
47600,415,207,208,208,0,17,20330.0,1791,895,896,896,0,22,88065.0,1331,665,666,666,0,18,62660.0,1135,567,568,568,0,24,54659.0,1179,589,590,590,0,19,57983.0,153,76,77,77,0,11,6849.0,491,245,246,246,0,16,22698.0,241,120,121,121,0,16,11381.0,33,16,17,17,0,11,1648.0,65,32,33,33,0,11,3123.0,1541,770,771,771,0,21,75958.0,2521,1260,1261,1261,0,21,122071.0,503,251,252,252,0,15,24968.0,809,404,405,405,0,18,38297.0,1965,982,983,983,0,23,99610.0,1233,616,617,617,0,24,58839.0,161,80,81,81,0,13,7468.0,559,279,280,280,0,17,24925.0,525,262,263,263,0,18,27027.0,491,245,246,246,0,21,24132.0
47700,425,212,213,213,0,17,20959.0,1799,899,900,900,0,22,88652.0,1339,669,670,670,0,19,63234.0,1145,572,573,573,0,24,55241.0,1193,596,597,597,0,19,58598.0,175,87,88,88,0,12,7470.0,505,252,253,253,0,16,23281.0,259,129,130,130,0,16,11965.0,49,24,25,25,0,12,2251.0,73,36,37,37,0,12,3708.0,1553,776,777,777,0,21,76565.0,2529,1264,1265,1265,0,21,122700.0,513,256,257,257,0,16,25569.0,227,113,114,114,0,15,11462.0,1973,986,987,987,0,23,100207.0,1255,627,628,628,0,24,59404.0,177,88,89,89,0,13,8043.0,33,16,17,17,0,7,1429.0,537,268,269,269,0,18,27568.0,497,248,249,249,0,21,24741.0
47800,431,215,216,216,0,17,21554.0,1805,902,903,903,0,22,89241.0,57,28,29,29,0,8,2576.0,1163,581,582,582,0,24,55832.0,1209,604,605,605,0,19,59234.0,187,93,94,94,0,12,8044.0,523,261,262,262,0,16,23875.0,265,132,133,133,0,16,12577.0,57,28,29,29,0,12,2876.0,87,43,44,44,0,12,4329.0,1571,785,786,786,0,22,77196.0,2545,1272,1273,1273,0,21,123343.0,515,257,258,258,0,16,26175.0,239,119,120,120,0,15,12078.0,1981,990,991,991,0,23,100814.0,1265,632,633,633,0,24,60015.0,187,93,94,94,0,13,8631.0,49,24,25,25,0,8,2038.0,545,272,273,273,0,18,28170.0,515,257,258,258,0,21,25324.0
47900,445,222,223,223,0,17,22156.0,1819,909,910,910,0,22,89835.0,67,33,34,34,0,9,3188.0,1181,590,591,591,0,24,56431.0,1225,612,613,613,0,19,59830.0,193,96,97,97,0,12,8620.0,543,271,272,272,0,16,24469.0,279,139,140,140,0,16,13149.0,77,38,39,39,0,13,3526.0,103,51,52,52,0,12,4971.0,1579,789,790,790,0,22,77788.0,2551,1275,1276,1276,0,21,123937.0,527,263,264,264,0,16,26782.0,251,125,126,126,0,15,12667.0,1991,995,996,996,0,23,101418.0,1277,638,639,639,0,24,60640.0,203,101,102,102,0,14,9242.0,61,30,31,31,0,8,2641.0,563,281,282,282,0,18,28772.0,529,264,265,265,0,21,25905.0
48000,459,229,230,230,0,17,22743.0,1833,916,917,917,0,22,90435.0,81,40,41,41,0,10,3842.0,1195,597,598,598,0,24,57024.0,1235,617,618,618,0,19,60467.0,201,100,101,101,0,13,9209.0,555,277,278,278,0,16,25069.0,289,144,145,145,0,16,13752.0,83,41,42,42,0,14,4142.0,111,55,56,56,0,13,5588.0,1591,795,796,796,0,22,78348.0,2565,1282,1283,1283,0,21,124526.0,537,268,269,269,0,16,27410.0,261,130,131,131,0,15,13290.0,1997,998,999,999,0,23,101996.0,1289,644,645,645,0,24,61230.0,213,106,107,107,0,15,9798.0,67,33,34,34,0,8,3253.0,569,284,285,285,0,18,29403.0,545,272,273,273,0,22,26547.0
48100,459,229,230,230,0,17,23316.0,1839,919,920,920,0,22,91034.0,101,50,51,51,0,10,4431.0,1201,600,601,601,0,24,57607.0,1247,623,624,624,0,19,61051.0,213,106,107,107,0,13,9816.0,561,280,281,281,0,16,25671.0,303,151,152,152,0,17,14305.0,99,49,50,50,0,14,4770.0,117,58,59,59,0,13,6197.0,1599,799,800,800,0,22,78920.0,2581,1290,1291,1291,0,21,125120.0,555,277,278,278,0,16,28021.0,267,133,134,134,0,16,13908.0,2009,1004,1005,1005,0,23,102584.0,185,92,93,93,0,14,8943.0,233,116,117,117,0,15,10386.0,85,42,43,43,0,9,3892.0,581,290,291,291,0,18,30006.0,559,279,280,280,0,22,27190.0
48200,467,233,234,234,0,17,23899.0,1849,924,925,925,0,22,91673.0,105,52,53,53,0,11,5041.0,1221,610,611,611,0,24,58218.0,1255,627,628,628,0,19,61647.0,225,112,113,113,0,13,10380.0,567,283,284,284,0,16,26314.0,311,155,156,156,0,17,14913.0,113,56,57,57,0,15,5378.0,127,63,64,64,0,13,6817.0,1615,807,808,808,0,22,79488.0,2591,1295,1296,1296,0,21,125674.0,569,284,285,285,0,16,28633.0,281,140,141,141,0,16,14487.0,2013,1006,1007,1007,0,23,103194.0,195,97,98,98,0,15,9534.0,247,123,124,124,0,15,10933.0,101,50,51,51,0,9,4513.0,597,298,299,299,0,18,30614.0,577,288,289,289,0,22,27792.0
48300,479,239,240,240,0,17,24533.0,1859,929,930,930,0,22,92313.0,121,60,61,61,0,11,5659.0,1229,614,615,615,0,24,58780.0,1269,634,635,635,0,19,62289.0,235,117,118,118,0,13,10975.0,573,286,287,287,0,16,26895.0,319,159,160,160,0,17,15506.0,133,66,67,67,0,15,5973.0,143,71,72,72,0,14,7428.0,1627,813,814,814,0,22,80073.0,2605,1302,1303,1303,0,21,126227.0,579,289,290,290,0,16,29246.0,299,149,150,150,0,16,15070.0,2027,1013,1014,1014,0,23,103766.0,213,106,107,107,0,15,10160.0,259,129,130,130,0,15,11542.0,109,54,55,55,0,10,5143.0,607,303,304,304,0,18,31206.0,591,295,296,296,0,22,28367.0
48400,487,243,244,244,0,17,25143.0,1869,934,935,935,0,22,92913.0,129,64,65,65,0,12,6264.0,1245,622,623,623,0,24,59372.0,1277,638,639,639,0,19,62856.0,243,121,122,122,0,14,11543.0,581,290,291,291,0,16,27471.0,329,164,165,165,0,17,16132.0,141,70,71,71,0,15,6534.0,153,76,77,77,0,14,8035.0,1631,815,816,816,0,22,80638.0,2625,1312,1313,1313,0,21,126835.0,597,298,299,299,0,16,29881.0,321,160,161,161,0,16,15702.0,2039,1019,1020,1020,0,23,104374.0,231,115,116,116,0,15,10732.0,271,135,136,136,0,15,12172.0,121,60,61,61,0,10,5748.0,629,314,315,315,0,19,31840.0,599,299,300,300,0,22,28958.0
48500,499,249,250,250,0,17,25722.0,1877,938,939,939,0,22,93475.0,143,71,72,72,0,12,6838.0,1257,628,629,629,0,24,60011.0,1281,640,641,641,0,19,63491.0,253,126,127,127,0,14,12174.0,595,297,298,298,0,16,28071.0,335,167,168,168,0,17,16690.0,145,72,73,73,0,16,7120.0,165,82,83,83,0,14,8644.0,1645,822,823,823,0,22,81188.0,2633,1316,1317,1317,0,21,127442.0,611,305,306,306,0,16,30438.0,335,167,168,168,0,16,16301.0,2055,1027,1028,1028,0,23,104962.0,239,119,120,120,0,15,11374.0,279,139,140,140,0,16,12758.0,131,65,66,66,0,11,6337.0,633,316,317,317,0,19,32493.0,609,304,305,305,0,22,29572.0
48600,511,255,256,256,0,17,26332.0,1885,942,943,943,0,22,94048.0,159,79,80,80,0,13,7440.0,1269,634,635,635,0,24,60589.0,1291,645,646,646,0,19,64083.0,265,132,133,133,0,14,12753.0,607,303,304,304,0,16,28727.0,347,173,174,174,0,17,17293.0,155,77,78,78,0,16,7748.0,169,84,85,85,0,14,9210.0,1661,830,831,831,0,22,81761.0,2649,1324,1325,1325,0,21,128089.0,627,313,314,314,0,16,31033.0,349,174,175,175,0,16,16904.0,2069,1034,1035,1035,0,23,105602.0,251,125,126,126,0,15,11981.0,295,147,148,148,0,16,13337.0,147,73,74,74,0,11,6931.0,643,321,322,322,0,19,33050.0,621,310,311,311,0,22,30178.0
48700,527,263,264,264,0,17,26939.0,1899,949,950,950,0,22,94711.0,173,86,87,87,0,13,8025.0,1287,643,644,644,0,24,61192.0,1303,651,652,652,0,19,64688.0,275,137,138,138,0,14,13356.0,623,311,312,312,0,16,29288.0,359,179,180,180,0,18,17876.0,169,84,85,85,0,16,8365.0,179,89,90,90,0,14,9809.0,1671,835,836,836,0,22,82403.0,2663,1331,1332,1332,0,21,128726.0,643,321,322,322,0,16,31623.0,353,176,177,177,0,16,17524.0,2073,1036,1037,1037,0,23,106171.0,257,128,129,129,0,16,12570.0,309,154,155,155,0,16,13926.0,155,77,78,78,0,11,7524.0,659,329,330,330,0,19,33634.0,627,313,314,314,0,22,30730.0
48800,543,271,272,272,0,17,27568.0,1911,955,956,956,0,22,95299.0,185,92,93,93,0,13,8609.0,1307,653,654,654,0,24,61804.0,1311,655,656,656,0,19,65285.0,281,140,141,141,0,14,13979.0,647,323,324,324,0,16,29884.0,369,184,185,185,0,18,18480.0,181,90,91,91,0,16,8939.0,195,97,98,98,0,14,10458.0,1691,845,846,846,0,22,82994.0,93,46,47,47,0,10,5032.0,653,326,327,327,0,16,32232.0,359,179,180,180,0,16,18121.0,2091,1045,1046,1046,0,23,106803.0,269,134,135,135,0,16,13178.0,315,157,158,158,0,16,14589.0,169,84,85,85,0,12,8148.0,663,331,332,332,0,19,34245.0,633,316,317,317,0,22,31302.0
48900,543,271,272,272,0,17,28153.0,1929,964,965,965,0,22,95899.0,203,101,102,102,0,13,9192.0,1323,661,662,662,0,24,62407.0,1327,663,664,664,0,19,65887.0,289,144,145,145,0,14,14615.0,655,327,328,328,0,16,30477.0,383,191,192,192,0,18,19099.0,201,100,101,101,0,17,9553.0,207,103,104,104,0,14,11082.0,1705,852,853,853,0,22,83572.0,105,52,53,53,0,10,5621.0,667,333,334,334,0,16,32841.0,369,184,185,185,0,16,18746.0,2105,1052,1053,1053,0,23,107423.0,279,139,140,140,0,16,13802.0,327,163,164,164,0,17,15183.0,181,90,91,91,0,12,8741.0,675,337,338,338,0,19,34844.0,645,322,323,323,0,23,31924.0
49000,559,279,280,280,0,17,28768.0,1941,970,971,971,0,22,96495.0,215,107,108,108,0,13,9815.0,1333,666,667,667,0,24,63019.0,1337,668,669,669,0,19,66491.0,295,147,148,148,0,14,15178.0,661,330,331,331,0,16,31060.0,405,202,203,203,0,18,19668.0,219,109,110,110,0,17,10127.0,223,111,112,112,0,14,11662.0,1721,860,861,861,0,22,84189.0,119,59,60,60,0,11,6234.0,681,340,341,341,0,16,33494.0,383,191,192,192,0,17,19313.0,2111,1055,1056,1056,0,23,108048.0,287,143,144,144,0,16,14429.0,345,172,173,173,0,17,15788.0,195,97,98,98,0,13,9343.0,691,345,346,346,0,19,35412.0,651,325,326,326,0,23,32543.0
49100,567,283,284,284,0,17,29328.0,1955,977,978,978,0,22,97092.0,231,115,116,116,0,14,10475.0,1333,666,667,667,0,24,63604.0,1353,676,677,677,0,19,67102.0,315,157,158,158,0,14,15783.0,677,338,339,339,0,17,31646.0,417,208,209,209,0,18,20233.0,233,116,117,117,0,17,10697.0,235,117,118,118,0,15,12261.0,367,183,184,184,0,16,18073.0,133,66,67,67,0,11,6829.0,705,352,353,353,0,17,34070.0,401,200,201,201,0,17,19930.0,2125,1062,1063,1063,0,23,108696.0,305,152,153,153,0,16,15034.0,355,177,178,178,0,17,16401.0,205,102,103,103,0,13,9909.0,709,354,355,355,0,19,36029.0,665,332,333,333,0,23,33139.0
49200,583,291,292,292,0,17,29954.0,1969,984,985,985,0,22,97693.0,241,120,121,121,0,14,11084.0,1343,671,672,672,0,24,64192.0,1365,682,683,683,0,19,67682.0,335,167,168,168,0,14,16394.0,685,342,343,343,0,17,32278.0,425,212,213,213,0,18,20789.0,241,120,121,121,0,17,11291.0,249,124,125,125,0,15,12855.0,375,187,188,188,0,16,18688.0,149,74,75,75,0,11,7413.0,715,357,358,358,0,17,34652.0,411,205,206,206,0,17,20514.0,2141,1070,1071,1071,0,23,109319.0,317,158,159,159,0,16,15653.0,369,184,185,185,0,17,17013.0,217,108,109,109,0,13,10485.0,727,363,364,364,0,19,36600.0,673,336,337,337,0,23,33695.0
49300,593,296,297,297,0,17,30517.0,1975,987,988,988,0,22,98246.0,253,126,127,127,0,14,11652.0,1345,672,673,673,0,24,64759.0,1369,684,685,685,0,19,68291.0,341,170,171,171,0,14,16998.0,697,348,349,349,0,17,32845.0,439,219,220,220,0,18,21422.0,255,127,128,128,0,17,11871.0,253,126,127,127,0,15,13425.0,393,196,197,197,0,16,19363.0,163,81,82,82,0,11,8011.0,721,360,361,361,0,17,35258.0,415,207,208,208,0,17,21113.0,2147,1073,1074,1074,0,23,109933.0,331,165,166,166,0,16,16219.0,377,188,189,189,0,17,17565.0,237,118,119,119,0,14,11097.0,737,368,369,369,0,19,37234.0,693,346,347,347,0,23,34336.0
49400,609,304,305,305,0,18,31097.0,1989,994,995,995,0,22,98823.0,265,132,133,133,0,14,12237.0,1359,679,680,680,0,24,65361.0,1383,691,692,692,0,20,68845.0,355,177,178,178,0,14,17613.0,715,357,358,358,0,17,33460.0,447,223,224,224,0,18,22001.0,275,137,138,138,0,18,12471.0,269,134,135,135,0,16,14084.0,409,204,205,205,0,16,19969.0,179,89,90,90,0,12,8593.0,731,365,366,366,0,17,35804.0,423,211,212,212,0,17,21715.0,2159,1079,1080,1080,0,23,110497.0,341,170,171,171,0,16,16822.0,385,192,193,193,0,17,18132.0,261,130,131,131,0,14,11727.0,747,373,374,374,0,19,37827.0,703,351,352,352,0,24,34926.0
49500,623,311,312,312,0,18,31692.0,2001,1000,1001,1001,0,22,99438.0,277,138,139,139,0,14,12833.0,1377,688,689,689,0,24,65957.0,1401,700,701,701,0,20,69415.0,369,184,185,185,0,14,18171.0,727,363,364,364,0,18,34049.0,459,229,230,230,0,19,22588.0,289,144,145,145,0,18,13093.0,275,137,138,138,0,16,14653.0,421,210,211,211,0,17,20575.0,189,94,95,95,0,12,9218.0,751,375,376,376,0,17,36443.0,441,220,221,221,0,17,22296.0,2167,1083,1084,1084,0,23,111117.0,349,174,175,175,0,16,17417.0,393,196,197,197,0,18,18691.0,89,44,45,45,0,13,3765.0,763,381,382,382,0,19,38418.0,715,357,358,358,0,24,35502.0
49600,629,314,315,315,0,18,32259.0,2009,1004,1005,1005,0,22,100043.0,285,142,143,143,0,14,13412.0,1391,695,696,696,0,24,66553.0,1417,708,709,709,0,20,70017.0,377,188,189,189,0,14,18786.0,739,369,370,370,0,18,34672.0,481,240,241,241,0,19,23137.0,303,151,152,152,0,18,13680.0,291,145,146,146,0,16,15217.0,435,217,218,218,0,17,21187.0,203,101,102,102,0,12,9841.0,763,381,382,382,0,17,37020.0,449,224,225,225,0,17,22859.0,2183,1091,1092,1092,0,23,111732.0,367,183,184,184,0,16,18007.0,407,203,204,204,0,18,19276.0,97,48,49,49,0,13,4395.0,763,381,382,382,0,19,39052.0,719,359,360,360,0,24,36112.0
49700,639,319,320,320,0,18,32801.0,2029,1014,1015,1015,0,22,100641.0,305,152,153,153,0,14,14057.0,1409,704,705,705,0,24,67134.0,1429,714,715,715,0,20,70601.0,393,196,197,197,0,14,19343.0,761,380,381,381,0,18,35330.0,493,246,247,247,0,19,23750.0,313,156,157,157,0,18,14304.0,307,153,154,154,0,16,15809.0,445,222,223,223,0,17,21808.0,207,103,104,104,0,12,10422.0,779,389,390,390,0,17,37635.0,459,229,230,230,0,17,23458.0,2199,1099,1100,1100,0,23,112328.0,383,191,192,192,0,17,18611.0,417,208,209,209,0,18,19915.0,109,54,55,55,0,13,4986.0,769,384,385,385,0,19,39672.0,729,364,365,365,0,24,36681.0
49800,659,329,330,330,0,18,33413.0,2047,1023,1024,1024,0,22,101253.0,319,159,160,160,0,15,14630.0,1423,711,712,712,0,24,67721.0,1439,719,720,720,0,20,71188.0,399,199,200,200,0,14,19962.0,777,388,389,389,0,18,35919.0,501,250,251,251,0,19,24346.0,321,160,161,161,0,18,14938.0,315,157,158,158,0,16,16409.0,461,230,231,231,0,17,22466.0,223,111,112,112,0,12,11044.0,797,398,399,399,0,17,38245.0,475,237,238,238,0,17,24009.0,2211,1105,1106,1106,0,23,112942.0,399,199,200,200,0,17,19224.0,433,216,217,217,0,18,20514.0,121,60,61,61,0,13,5576.0,775,387,388,388,0,19,40222.0,745,372,373,373,0,24,37326.0
49900,669,334,335,335,0,18,34015.0,2057,1028,1029,1029,0,22,101874.0,325,162,163,163,0,15,15207.0,1439,719,720,720,0,25,68335.0,1447,723,724,724,0,20,71783.0,407,203,204,204,0,14,20588.0,789,394,395,395,0,18,36502.0,507,253,254,254,0,19,24950.0,329,164,165,165,0,18,15537.0,335,167,168,168,0,16,17010.0,469,234,235,235,0,17,23099.0,243,121,122,122,0,12,11652.0,809,404,405,405,0,17,38824.0,495,247,248,248,0,17,24621.0,2221,1110,1111,1111,0,23,113554.0,413,206,207,207,0,17,19838.0,447,223,224,224,0,18,21101.0,135,67,68,68,0,13,6177.0,787,393,394,394,0,19,40841.0,749,374,375,375,0,24,37912.0
50000,681,340,341,341,0,18,34608.0,2061,1030,1031,1031,0,22,102487.0,337,168,169,169,0,15,15797.0,1451,725,726,726,0,25,68901.0,1455,727,728,728,0,20,72338.0,421,210,211,211,0,14,21193.0,799,399,400,400,0,18,37111.0,519,259,260,260,0,19,25534.0,349,174,175,175,0,18,16169.0,347,173,174,174,0,17,17592.0,483,241,242,242,0,17,23680.0,249,124,125,125,0,12,12283.0,815,407,408,408,0,17,39377.0,507,253,254,254,0,17,25250.0,2239,1119,1120,1120,0,23,114196.0,415,207,208,208,0,17,20391.0,463,231,232,232,0,18,21785.0,143,71,72,72,0,13,6773.0,801,400,401,401,0,19,41428.0,765,382,383,383,0,24,38487.0
50100,701,350,351,351,0,18,35200.0,2073,1036,1037,1037,0,22,103053.0,357,178,179,179,0,15,16385.0,1461,730,731,731,0,25,69538.0,1465,732,733,733,0,20,72976.0,429,214,215,215,0,14,21766.0,807,403,404,404,0,18,37724.0,537,268,269,269,0,19,26145.0,365,182,183,183,0,18,16780.0,365,182,183,183,0,17,18179.0,501,250,251,251,0,18,24317.0,261,130,131,131,0,13,12872.0,823,411,412,412,0,17,39960.0,515,257,258,258,0,18,25827.0,2253,1126,1127,1127,0,23,114788.0,427,213,214,214,0,17,21009.0,483,241,242,242,0,18,22390.0,157,78,79,79,0,14,7383.0,821,410,411,411,0,19,42013.0,779,389,390,390,0,24,39148.0
50200,715,357,358,358,0,18,35811.0,2089,1044,1045,1045,0,22,103682.0,371,185,186,186,0,15,17022.0,1473,736,737,737,0,25,70142.0,1471,735,736,736,0,20,73586.0,441,220,221,221,0,14,22320.0,821,410,411,411,0,18,38328.0,543,271,272,272,0,19,26724.0,387,193,194,194,0,19,17395.0,381,190,191,191,0,17,18763.0,513,256,257,257,0,18,24945.0,279,139,140,140,0,13,13426.0,827,413,414,414,0,17,40529.0,523,261,262,262,0,18,26431.0,2267,1133,1134,1134,0,23,115372.0,441,220,221,221,0,17,21585.0,493,246,247,247,0,19,22973.0,171,85,86,86,0,14,8021.0,829,414,415,415,0,19,42666.0,795,397,398,398,0,24,39725.0
50300,729,364,365,365,0,18,36432.0,2099,1049,1050,1050,0,22,104306.0,383,191,192,192,0,15,17616.0,1493,746,747,747,0,25,70734.0,1485,742,743,743,0,20,74183.0,459,229,230,230,0,15,22897.0,837,418,419,419,0,18,38950.0,547,273,274,274,0,19,27364.0,403,201,202,202,0,19,17960.0,387,193,194,194,0,17,19312.0,525,262,263,263,0,18,25537.0,287,143,144,144,0,13,14001.0,847,423,424,424,0,17,41126.0,535,267,268,268,0,18,27035.0,2271,1135,1136,1136,0,23,115993.0,457,228,229,229,0,17,22211.0,503,251,252,252,0,19,23602.0,185,92,93,93,0,15,8619.0,837,418,419,419,0,19,43314.0,807,403,404,404,0,24,40340.0
50400,735,367,368,368,0,18,36999.0,2105,1052,1053,1053,0,22,104881.0,395,197,198,198,0,15,18229.0,1513,756,757,757,0,25,71322.0,1499,749,750,750,0,20,74793.0,473,236,237,237,0,15,23501.0,853,426,427,427,0,18,39559.0,557,278,279,279,0,19,27930.0,423,211,212,212,0,19,18553.0,401,200,201,201,0,17,19975.0,533,266,267,267,0,18,26118.0,307,153,154,154,0,14,14598.0,855,427,428,428,0,17,41702.0,543,271,272,272,0,18,27636.0,2283,1141,1142,1142,0,23,116644.0,467,233,234,234,0,17,22842.0,519,259,260,260,0,19,24207.0,195,97,98,98,0,15,9213.0,845,422,423,423,0,19,43917.0,819,409,410,410,0,24,40984.0
50500,751,375,376,376,0,18,37590.0,2121,1060,1061,1061,0,22,105475.0,403,201,202,202,0,15,18816.0,1529,764,765,765,0,25,71930.0,1505,752,753,753,0,20,75366.0,479,239,240,240,0,15,24094.0,871,435,436,436,0,18,40131.0,569,284,285,285,0,19,28566.0,431,215,216,216,0,19,19129.0,411,205,206,206,0,17,20601.0,543,271,272,272,0,18,26716.0,323,161,162,162,0,14,15200.0,863,431,432,432,0,17,42275.0,555,277,278,278,0,18,28204.0,2295,1147,1148,1148,0,23,117255.0,479,239,240,240,0,17,23458.0,529,264,265,265,0,19,24790.0,201,100,101,101,0,15,9781.0,857,428,429,429,0,19,44524.0,829,414,415,415,0,24,41611.0
50600,763,381,382,382,0,18,38200.0,2137,1068,1069,1069,0,22,106023.0,415,207,208,208,0,15,19407.0,1533,766,767,767,0,25,72561.0,1515,757,758,758,0,20,75970.0,495,247,248,248,0,15,24710.0,883,441,442,442,0,18,40681.0,589,294,295,295,0,19,29165.0,439,219,220,220,0,19,19696.0,419,209,210,210,0,17,21200.0,549,274,275,275,0,18,27335.0,327,163,164,164,0,14,15796.0,877,438,439,439,0,17,42890.0,579,289,290,290,0,18,28812.0,2305,1152,1153,1153,0,23,117872.0,491,245,246,246,0,17,24066.0,541,270,271,271,0,19,25371.0,217,108,109,109,0,15,10392.0,869,434,435,435,0,19,45131.0,845,422,423,423,0,24,42214.0
50700,773,386,387,387,0,18,38817.0,2145,1072,1073,1073,0,22,106626.0,429,214,215,215,0,15,20032.0,1547,773,774,774,0,25,73204.0,1527,763,764,764,0,20,76524.0,497,248,249,249,0,15,25307.0,891,445,446,446,0,18,41321.0,603,301,302,302,0,20,29762.0,457,228,229,229,0,19,20274.0,431,215,216,216,0,17,21797.0,561,280,281,281,0,18,27909.0,337,168,169,169,0,14,16385.0,889,444,445,445,0,17,43533.0,595,297,298,298,0,18,29392.0,2323,1161,1162,1162,0,23,118517.0,503,251,252,252,0,17,24678.0,555,277,278,278,0,19,25978.0,233,116,117,117,0,15,11040.0,891,445,446,446,0,19,45708.0,855,427,428,428,0,24,42855.0
50800,779,389,390,390,0,18,39427.0,2161,1080,1081,1081,0,22,107234.0,435,217,218,218,0,15,20649.0,1563,781,782,782,0,25,73831.0,1543,771,772,772,0,20,77154.0,511,255,256,256,0,15,25892.0,907,453,454,454,0,18,41905.0,621,310,311,311,0,20,30384.0,463,231,232,232,0,19,20849.0,443,221,222,222,0,17,22425.0,573,286,287,287,0,18,28527.0,345,172,173,173,0,14,16974.0,907,453,454,454,0,17,44133.0,605,302,303,303,0,18,29955.0,2337,1168,1169,1169,0,23,119135.0,515,257,258,258,0,17,25243.0,563,281,282,282,0,19,26609.0,251,125,126,126,0,16,11637.0,899,449,450,450,0,20,46303.0,867,433,434,434,0,24,43429.0
50900,793,396,397,397,0,18,39997.0,2173,1086,1087,1087,0,22,107872.0,443,221,222,222,0,15,21274.0,1571,785,786,786,0,25,74411.0,1561,780,781,781,0,20,77734.0,527,263,264,264,0,16,26488.0,913,456,457,457,0,18,42488.0,629,314,315,315,0,20,30989.0,471,235,236,236,0,20,21421.0,457,228,229,229,0,17,23013.0,595,297,298,298,0,18,29138.0,359,179,180,180,0,14,17578.0,919,459,460,460,0,18,44718.0,619,309,310,310,0,19,30533.0,2351,1175,1176,1176,0,23,119740.0,525,262,263,263,0,17,25842.0,569,284,285,285,0,19,27213.0,261,130,131,131,0,16,12245.0,913,456,457,457,0,20,46918.0,875,437,438,438,0,24,43988.0
51000,811,405,406,406,0,18,40582.0,2181,1090,1091,1091,0,22,108460.0,451,225,226,226,0,15,21830.0,1583,791,792,792,0,25,75009.0,1581,790,791,791,0,20,78363.0,547,273,274,274,0,16,27128.0,921,460,461,461,0,18,43095.0,637,318,319,319,0,20,31588.0,477,238,239,239,0,20,22002.0,471,235,236,236,0,18,23565.0,605,302,303,303,0,18,29692.0,361,180,181,181,0,14,18195.0,935,467,468,468,0,18,45321.0,631,315,316,316,0,19,31133.0,2365,1182,1183,1183,0,24,120394.0,531,265,266,266,0,17,26415.0,579,289,290,290,0,19,27831.0,265,132,133,133,0,16,12842.0,923,461,462,462,0,20,47517.0,887,443,444,444,0,24,44584.0
51100,823,411,412,412,0,18,41198.0,2187,1093,1094,1094,0,22,109078.0,465,232,233,233,0,15,22456.0,1603,801,802,802,0,25,75584.0,1587,793,794,794,0,20,78960.0,551,275,276,276,0,16,27715.0,929,464,465,465,0,18,43679.0,653,326,327,327,0,20,32171.0,497,248,249,249,0,20,22574.0,235,117,118,118,0,16,12076.0,613,306,307,307,0,18,30295.0,379,189,190,190,0,14,18769.0,943,471,472,472,0,18,45926.0,645,322,323,323,0,19,31766.0,2371,1185,1186,1186,0,24,120981.0,549,274,275,275,0,17,26996.0,281,140,141,141,0,14,12855.0,281,140,141,141,0,16,13464.0,935,467,468,468,0,20,48088.0,903,451,452,452,0,24,45205.0
51200,833,416,417,417,0,18,41788.0,2193,1096,1097,1097,0,22,109681.0,479,239,240,240,0,15,23031.0,1613,806,807,807,0,25,76195.0,1595,797,798,798,0,20,79553.0,563,281,282,282,0,16,28327.0,947,473,474,474,0,18,44276.0,477,238,239,239,0,15,21774.0,515,257,258,258,0,20,23143.0,255,127,128,128,0,17,12711.0,627,313,314,314,0,19,30905.0,399,199,200,200,0,14,19411.0,955,477,478,478,0,18,46507.0,653,326,327,327,0,19,32368.0,2387,1193,1194,1194,0,24,121567.0,563,281,282,282,0,17,27595.0,295,147,148,148,0,14,13424.0,285,142,143,143,0,16,14052.0,947,473,474,474,0,20,48698.0,913,456,457,457,0,25,45807.0
51300,847,423,424,424,0,18,42421.0,2209,1104,1105,1105,0,23,110247.0,493,246,247,247,0,15,23614.0,1629,814,815,815,0,25,76784.0,1605,802,803,803,0,20,80153.0,583,291,292,292,0,16,28909.0,961,480,481,481,0,18,44866.0,487,243,244,244,0,15,22363.0,529,264,265,265,0,20,23728.0,271,135,136,136,0,17,13325.0,643,321,322,322,0,19,31526.0,427,213,214,214,0,14,20029.0,969,484,485,485,0,18,47105.0,671,335,336,336,0,20,33011.0,3,1,2,2,0,2,157.0,583,291,292,292,0,17,28190.0,313,156,157,157,0,14,14059.0,299,149,150,150,0,17,14664.0,959,479,480,480,0,20,49282.0,925,462,463,463,0,25,46398.0
51400,867,433,434,434,0,18,43039.0,2219,1109,1110,1110,0,23,110808.0,167,83,84,84,0,11,7087.0,1651,825,826,826,0,25,77371.0,1611,805,806,806,0,20,80758.0,597,298,299,299,0,16,29533.0,977,488,489,489,0,18,45472.0,497,248,249,249,0,15,22980.0,541,270,271,271,0,20,24371.0,289,144,145,145,0,17,13946.0,649,324,325,325,0,19,32148.0,437,218,219,219,0,15,20655.0,981,490,491,491,0,18,47703.0,683,341,342,342,0,20,33599.0,17,8,9,9,0,7,760.0,589,294,295,295,0,17,28821.0,329,164,165,165,0,15,14647.0,311,155,156,156,0,17,15263.0,969,484,485,485,0,20,49889.0,941,470,471,471,0,25,46974.0
51500,877,438,439,439,0,18,43655.0,2227,1113,1114,1114,0,23,111390.0,175,87,88,88,0,11,7689.0,1661,830,831,831,0,25,78000.0,1621,810,811,811,0,20,81427.0,607,303,304,304,0,16,30148.0,995,497,498,498,0,18,46089.0,511,255,256,256,0,16,23616.0,9,4,5,5,0,4,434.0,297,148,149,149,0,17,14597.0,663,331,332,332,0,19,32763.0,449,224,225,225,0,15,21233.0,1003,501,502,502,0,18,48266.0,699,349,350,350,0,20,34191.0,25,12,13,13,0,8,1391.0,603,301,302,302,0,17,29452.0,341,170,171,171,0,15,15220.0,323,161,162,162,0,17,15823.0,983,491,492,492,0,20,50522.0,949,474,475,475,0,25,47578.0
51600,881,440,441,441,0,18,44233.0,13,6,7,7,0,5,551.0,189,94,95,95,0,12,8279.0,1671,835,836,836,0,25,78563.0,1635,817,818,818,0,20,82036.0,623,311,312,312,0,16,30736.0,1003,501,502,502,0,18,46667.0,523,261,262,262,0,16,24272.0,23,11,12,12,0,7,1065.0,305,152,153,153,0,17,15174.0,677,338,339,339,0,19,33356.0,465,232,233,233,0,15,21870.0,1025,512,513,513,0,18,48862.0,707,353,354,354,0,20,34779.0,39,19,20,20,0,9,2010.0,613,306,307,307,0,17,30083.0,349,174,175,175,0,15,15814.0,341,170,171,171,0,17,16429.0,993,496,497,497,0,20,51101.0,959,479,480,480,0,25,48166.0
51700,887,443,444,444,0,18,44826.0,27,13,14,14,0,6,1141.0,197,98,99,99,0,12,8838.0,1683,841,842,842,0,25,79159.0,1655,827,828,828,0,20,82673.0,637,318,319,319,0,16,31351.0,1017,508,509,509,0,18,47313.0,533,266,267,267,0,16,24871.0,39,19,20,20,0,9,1668.0,315,157,158,158,0,17,15739.0,691,345,346,346,0,19,33932.0,479,239,240,240,0,15,22459.0,1041,520,521,521,0,18,49454.0,715,357,358,358,0,20,35358.0,51,25,26,26,0,9,2568.0,625,312,313,313,0,18,30721.0,353,176,177,177,0,15,16403.0,351,175,176,176,0,18,16983.0,1011,505,506,506,0,20,51696.0,971,485,486,486,0,25,48775.0
51800,901,450,451,451,0,18,45402.0,37,18,19,19,0,7,1692.0,211,105,106,106,0,12,9463.0,1695,847,848,848,0,25,79738.0,1673,836,837,837,0,20,83291.0,655,327,328,328,0,16,31978.0,1041,520,521,521,0,19,47880.0,553,276,277,277,0,16,25487.0,47,23,24,24,0,9,2291.0,329,164,165,165,0,17,16377.0,703,351,352,352,0,19,34524.0,491,245,246,246,0,15,23077.0,1055,527,528,528,0,18,50084.0,731,365,366,366,0,20,35948.0,65,32,33,33,0,11,3138.0,635,317,318,318,0,18,31326.0,367,183,184,184,0,16,17004.0,365,182,183,183,0,18,17606.0,1025,512,513,513,0,20,52308.0,977,488,489,489,0,25,49381.0
51900,911,455,456,456,0,18,46005.0,55,27,28,28,0,8,2337.0,221,110,111,111,0,12,10022.0,1711,855,856,856,0,25,80325.0,1683,841,842,842,0,20,83898.0,665,332,333,333,0,16,32614.0,1057,528,529,529,0,19,48447.0,561,280,281,281,0,16,26079.0,67,33,34,34,0,10,2910.0,339,169,170,170,0,17,17017.0,711,355,356,356,0,19,35104.0,501,250,251,251,0,15,23664.0,1063,531,532,532,0,18,50703.0,737,368,369,369,0,20,36566.0,73,36,37,37,0,11,3719.0,649,324,325,325,0,18,31915.0,381,190,191,191,0,16,17598.0,373,186,187,187,0,18,18191.0,1037,518,519,519,0,20,52903.0,991,495,496,496,0,25,49974.0
52000,925,462,463,463,0,19,46626.0,69,34,35,35,0,9,2951.0,227,113,114,114,0,12,10699.0,1729,864,865,865,0,25,80915.0,1701,850,851,851,0,20,84533.0,679,339,340,340,0,16,33178.0,1067,533,534,534,0,19,49008.0,593,296,297,297,0,16,26714.0,77,38,39,39,0,10,3524.0,345,172,173,173,0,17,17586.0,727,363,364,364,0,19,35665.0,515,257,258,258,0,15,24245.0,1077,538,539,539,0,18,51302.0,755,377,378,378,0,20,37156.0,83,41,42,42,0,11,4334.0,661,330,331,331,0,18,32516.0,401,200,201,201,0,16,18166.0,375,187,188,188,0,18,18804.0,1051,525,526,526,0,21,53472.0,999,499,500,500,0,25,50535.0
52100,937,468,469,469,0,19,47253.0,79,39,40,40,0,10,3566.0,249,124,125,125,0,12,11262.0,1739,869,870,870,0,25,81495.0,1709,854,855,855,0,20,85146.0,689,344,345,345,0,17,33790.0,1079,539,540,540,0,19,49598.0,609,304,305,305,0,16,27311.0,89,44,45,45,0,11,4089.0,361,180,181,181,0,18,18194.0,737,368,369,369,0,19,36242.0,525,262,263,263,0,15,24843.0,1087,543,544,544,0,18,51879.0,759,379,380,380,0,20,37770.0,97,48,49,49,0,12,4908.0,671,335,336,336,0,18,33125.0,417,208,209,209,0,16,18779.0,395,197,198,198,0,18,19416.0,1065,532,533,533,0,21,54077.0,1015,507,508,508,0,25,51151.0
52200,957,478,479,479,0,19,47823.0,87,43,44,44,0,11,4161.0,265,132,133,133,0,13,11886.0,1749,874,875,875,0,25,82094.0,1723,861,862,862,0,20,85703.0,691,345,346,346,0,17,34371.0,1091,545,546,546,0,19,50187.0,621,310,311,311,0,16,27922.0,111,55,56,56,0,12,4671.0,383,191,192,192,0,18,18814.0,753,376,377,377,0,19,36843.0,539,269,270,270,0,15,25415.0,1097,548,549,549,0,18,52485.0,771,385,386,386,0,20,38399.0,41,20,21,21,0,9,2063.0,135,67,68,68,0,11,6064.0,423,211,212,212,0,16,19369.0,411,205,206,206,0,18,20027.0,1073,536,537,537,0,21,54645.0,1023,511,512,512,0,25,51751.0
52300,973,486,487,487,0,19,48395.0,101,50,51,51,0,11,4738.0,275,137,138,138,0,13,12532.0,1765,882,883,883,0,25,82737.0,1735,867,868,868,0,20,86281.0,697,348,349,349,0,17,34955.0,1101,550,551,551,0,19,50812.0,623,311,312,312,0,16,28551.0,121,60,61,61,0,12,5289.0,395,197,198,198,0,18,19376.0,763,381,382,382,0,19,37473.0,557,278,279,279,0,16,26002.0,1105,552,553,553,0,18,53060.0,787,393,394,394,0,20,39002.0,55,27,28,28,0,11,2692.0,145,72,73,73,0,12,6674.0,437,218,219,219,0,16,19933.0,431,215,216,216,0,18,20640.0,1091,545,546,546,0,21,55237.0,1025,512,513,513,0,25,52343.0
52400,979,489,490,490,0,19,48985.0,117,58,59,59,0,11,5336.0,285,142,143,143,0,13,13100.0,1783,891,892,892,0,25,83348.0,1739,869,870,870,0,20,86903.0,709,354,355,355,0,17,35537.0,1107,553,554,554,0,19,51431.0,633,316,317,317,0,16,29123.0,131,65,66,66,0,12,5892.0,409,204,205,205,0,18,20002.0,779,389,390,390,0,20,38060.0,571,285,286,286,0,16,26582.0,1113,556,557,557,0,18,53661.0,17,8,9,9,0,5,674.0,69,34,35,35,0,12,3310.0,155,77,78,78,0,13,7282.0,439,219,220,220,0,16,20513.0,447,223,224,224,0,18,21251.0,1101,550,551,551,0,21,55802.0,1039,519,520,520,0,25,52905.0
52500,995,497,498,498,0,19,49582.0,129,64,65,65,0,12,5900.0,299,149,150,150,0,14,13715.0,1797,898,899,899,0,25,83956.0,1745,872,873,873,0,20,87505.0,727,363,364,364,0,17,36160.0,1115,557,558,558,0,19,52015.0,651,325,326,326,0,16,29707.0,141,70,71,71,0,12,6517.0,417,208,209,209,0,18,20618.0,793,396,397,397,0,20,38639.0,581,290,291,291,0,16,27169.0,1129,564,565,565,0,18,54234.0,29,14,15,15,0,7,1268.0,85,42,43,43,0,12,3898.0,163,81,82,82,0,13,7888.0,449,224,225,225,0,16,21095.0,89,44,45,45,0,10,5056.0,1113,556,557,557,0,21,56362.0,1045,522,523,523,0,25,53531.0
52600,1007,503,504,504,0,19,50170.0,143,71,72,72,0,12,6510.0,313,156,157,157,0,14,14282.0,1809,904,905,905,0,25,84573.0,1753,876,877,877,0,20,88073.0,741,370,371,371,0,18,36779.0,1125,562,563,563,0,19,52598.0,659,329,330,330,0,16,30269.0,153,76,77,77,0,12,7086.0,431,215,216,216,0,18,21266.0,805,402,403,403,0,20,39246.0,589,294,295,295,0,16,27717.0,1137,568,569,569,0,18,54853.0,41,20,21,21,0,8,1914.0,99,49,50,50,0,13,4481.0,177,88,89,89,0,13,8493.0,457,228,229,229,0,16,21647.0,99,49,50,50,0,10,5660.0,1121,560,561,561,0,21,56991.0,1051,525,526,526,0,25,54123.0
52700,1013,506,507,507,0,19,50772.0,159,79,80,80,0,12,7101.0,319,159,160,160,0,14,14922.0,1821,910,911,911,0,25,85196.0,1767,883,884,884,0,20,88687.0,753,376,377,377,0,18,37376.0,1139,569,570,570,0,19,53220.0,669,334,335,335,0,16,30873.0,169,84,85,85,0,12,7691.0,447,223,224,224,0,18,21902.0,819,409,410,410,0,20,39881.0,601,300,301,301,0,16,28311.0,1161,580,581,581,0,18,55519.0,51,25,26,26,0,9,2551.0,109,54,55,55,0,13,5067.0,189,94,95,95,0,13,9104.0,465,232,233,233,0,16,22269.0,109,54,55,55,0,10,6254.0,1135,567,568,568,0,21,57585.0,1057,528,529,529,0,25,54696.0
52800,1021,510,511,511,0,19,51401.0,169,84,85,85,0,12,7687.0,329,164,165,165,0,14,15510.0,1827,913,914,914,0,25,85786.0,1775,887,888,888,0,20,89260.0,765,382,383,383,0,18,37994.0,273,136,137,137,0,15,12197.0,675,337,338,338,0,16,31472.0,185,92,93,93,0,12,8312.0,457,228,229,229,0,18,22517.0,835,417,418,418,0,20,40471.0,613,306,307,307,0,16,28907.0,1177,588,589,589,0,18,56117.0,67,33,34,34,0,9,3122.0,129,64,65,65,0,14,5677.0,203,101,102,102,0,14,9696.0,481,240,241,241,0,16,22866.0,121,60,61,61,0,11,6873.0,1151,575,576,576,0,21,58189.0,1075,537,538,538,0,25,55272.0
52900,1027,513,514,514,0,19,51966.0,183,91,92,92,0,12,8234.0,347,173,174,174,0,15,16122.0,1835,917,918,918,0,26,86393.0,1783,891,892,892,0,20,89862.0,779,389,390,390,0,18,38641.0,279,139,140,140,0,15,12779.0,683,341,342,342,0,16,32057.0,199,99,100,100,0,13,8908.0,459,229,230,230,0,18,23153.0,845,422,423,423,0,20,41080.0,623,311,312,312,0,16,29522.0,1187,593,594,594,0,18,56714.0,81,40,41,41,0,10,3743.0,141,70,71,71,0,14,6263.0,225,112,113,113,0,14,10315.0,491,245,246,246,0,16,23521.0,137,68,69,69,0,11,7498.0,1157,578,579,579,0,21,58776.0,1089,544,545,545,0,25,55855.0
53000,1035,517,518,518,0,19,52568.0,193,96,97,97,0,13,8803.0,359,179,180,180,0,15,16677.0,1845,922,923,923,0,26,87006.0,1799,899,900,900,0,20,90455.0,793,396,397,397,0,18,39233.0,285,142,143,143,0,15,13371.0,693,346,347,347,0,16,32655.0,211,105,106,106,0,13,9529.0,479,239,240,240,0,18,23731.0,851,425,426,426,0,20,41670.0,633,316,317,317,0,17,30177.0,1201,600,601,601,0,18,57332.0,91,45,46,46,0,10,4374.0,149,74,75,75,0,14,6865.0,239,119,120,120,0,14,10919.0,511,255,256,256,0,17,24136.0,145,72,73,73,0,11,8084.0,1177,588,589,589,0,21,59401.0,1101,550,551,551,0,25,56395.0
53100,1051,525,526,526,0,19,53159.0,211,105,106,106,0,13,9394.0,367,183,184,184,0,15,17283.0,1855,927,928,928,0,26,87592.0,1819,909,910,910,0,21,91063.0,801,400,401,401,0,18,39826.0,299,149,150,150,0,16,13962.0,703,351,352,352,0,16,33239.0,227,113,114,114,0,13,10134.0,495,247,248,248,0,18,24337.0,861,430,431,431,0,20,42300.0,653,326,327,327,0,17,30782.0,1217,608,609,609,0,18,57915.0,105,52,53,53,0,11,5016.0,155,77,78,78,0,14,7428.0,249,124,125,125,0,14,11525.0,525,262,263,263,0,17,24742.0,157,78,79,79,0,11,8640.0,1183,591,592,592,0,21,60027.0,1123,561,562,562,0,25,57008.0
53200,1061,530,531,531,0,19,53744.0,223,111,112,112,0,13,10000.0,379,189,190,190,0,15,17850.0,1867,933,934,934,0,26,88175.0,1823,911,912,912,0,21,91679.0,823,411,412,412,0,18,40449.0,313,156,157,157,0,16,14482.0,717,358,359,359,0,17,33871.0,229,114,115,115,0,14,10756.0,513,256,257,257,0,19,24931.0,867,433,434,434,0,20,42912.0,677,338,339,339,0,17,31404.0,1229,614,615,615,0,18,58476.0,117,58,59,59,0,11,5616.0,173,86,87,87,0,14,8009.0,265,132,133,133,0,14,12169.0,531,265,266,266,0,17,25354.0,181,90,91,91,0,12,9246.0,1201,600,601,601,0,21,60636.0,1137,568,569,569,0,25,57576.0
53300,1075,537,538,538,0,19,54333.0,239,119,120,120,0,13,10662.0,397,198,199,199,0,15,18443.0,1877,938,939,939,0,26,88759.0,1837,918,919,919,0,21,92236.0,827,413,414,414,0,18,41053.0,329,164,165,165,0,16,15098.0,727,363,364,364,0,17,34514.0,247,123,124,124,0,14,11328.0,533,266,267,267,0,19,25505.0,875,437,438,438,0,20,43515.0,683,341,342,342,0,17,31999.0,259,129,130,130,0,15,11751.0,129,64,65,65,0,11,6232.0,189,94,95,95,0,15,8600.0,273,136,137,137,0,14,12761.0,541,270,271,271,0,17,25983.0,189,94,95,95,0,12,9845.0,1211,605,606,606,0,21,61203.0,1149,574,575,575,0,25,58153.0
53400,1087,543,544,544,0,19,54877.0,251,125,126,126,0,13,11272.0,417,208,209,209,0,15,19077.0,1893,946,947,947,0,26,89379.0,1853,926,927,927,0,21,92841.0,843,421,422,422,0,18,41622.0,345,172,173,173,0,16,15681.0,735,367,368,368,0,17,35106.0,259,129,130,130,0,14,11963.0,551,275,276,276,0,19,26114.0,889,444,445,445,0,20,44091.0,699,349,350,350,0,17,32603.0,267,133,134,134,0,16,12316.0,145,72,73,73,0,11,6842.0,199,99,100,100,0,15,9199.0,287,143,144,144,0,15,13347.0,553,276,277,277,0,17,26565.0,207,103,104,104,0,12,10381.0,1219,609,610,610,0,21,61775.0,1167,583,584,584,0,26,58798.0
53500,1109,554,555,555,0,19,55463.0,263,131,132,132,0,13,11867.0,435,217,218,218,0,15,19648.0,1901,950,951,951,0,26,90013.0,1865,932,933,933,0,21,93406.0,847,423,424,424,0,18,42232.0,359,179,180,180,0,16,16273.0,745,372,373,373,0,17,35698.0,263,131,132,132,0,14,12602.0,575,287,288,288,0,19,26711.0,901,450,451,451,0,20,44705.0,9,4,5,5,0,4,459.0,281,140,141,141,0,16,12919.0,157,78,79,79,0,12,7453.0,219,109,110,110,0,15,9810.0,297,148,149,149,0,15,13891.0,561,280,281,281,0,17,27183.0,221,110,111,111,0,13,10963.0,1237,618,619,619,0,21,62396.0,1175,587,588,588,0,26,59421.0
53600,1119,559,560,560,0,19,56059.0,275,137,138,138,0,13,12498.0,451,225,226,226,0,15,20214.0,1911,955,956,956,0,26,90613.0,1879,939,940,940,0,21,94014.0,861,430,431,431,0,18,42836.0,373,186,187,187,0,16,16895.0,755,377,378,378,0,17,36294.0,285,142,143,143,0,14,13166.0,587,293,294,294,0,19,27307.0,915,457,458,458,0,21,45281.0,23,11,12,12,0,6,1096.0,295,147,148,148,0,18,13546.0,171,85,86,86,0,12,8047.0,229,114,115,115,0,15,10413.0,307,153,154,154,0,15,14483.0,581,290,291,291,0,17,27779.0,229,114,115,115,0,13,11607.0,1247,623,624,624,0,21,62998.0,1183,591,592,592,0,26,59982.0
53700,1131,565,566,566,0,19,56636.0,287,143,144,144,0,13,13113.0,455,227,228,228,0,15,20780.0,1923,961,962,962,0,26,91191.0,595,297,298,298,0,16,28621.0,873,436,437,437,0,18,43460.0,387,193,194,194,0,16,17507.0,763,381,382,382,0,17,36881.0,55,27,28,28,0,8,2580.0,593,296,297,297,0,19,27924.0,927,463,464,464,0,21,45890.0,35,17,18,18,0,8,1733.0,305,152,153,153,0,18,14114.0,187,93,94,94,0,12,8613.0,239,119,120,120,0,15,11034.0,323,161,162,162,0,15,15065.0,595,297,298,298,0,18,28401.0,241,120,121,121,0,14,12221.0,1251,625,626,626,0,21,63620.0,1193,596,597,597,0,26,60569.0
53800,1147,573,574,574,0,19,57210.0,297,148,149,149,0,13,13695.0,467,233,234,234,0,16,21348.0,1933,966,967,967,0,26,91823.0,613,306,307,307,0,16,29222.0,885,442,443,443,0,18,44065.0,399,199,200,200,0,16,18100.0,769,384,385,385,0,17,37469.0,67,33,34,34,0,8,3176.0,601,300,301,301,0,19,28516.0,933,466,467,467,0,21,46469.0,43,21,22,22,0,9,2320.0,327,163,164,164,0,18,14703.0,199,99,100,100,0,12,9261.0,253,126,127,127,0,16,11632.0,333,166,167,167,0,15,15652.0,599,299,300,300,0,18,28980.0,255,127,128,128,0,14,12848.0,1267,633,634,634,0,21,64217.0,1201,600,601,601,0,26,61199.0
53900,1161,580,581,581,0,19,57782.0,311,155,156,156,0,13,14295.0,477,238,239,239,0,16,21928.0,1941,970,971,971,0,26,92416.0,619,309,310,310,0,16,29854.0,895,447,448,448,0,18,44652.0,411,205,206,206,0,16,18685.0,775,387,388,388,0,17,38060.0,81,40,41,41,0,9,3743.0,617,308,309,309,0,19,29119.0,951,475,476,476,0,21,47076.0,57,28,29,29,0,9,2911.0,345,172,173,173,0,18,15318.0,215,107,108,108,0,13,9883.0,263,131,132,132,0,16,12204.0,355,177,178,178,0,16,16263.0,621,310,311,311,0,18,29569.0,261,130,131,131,0,14,13428.0,1281,640,641,641,0,21,64819.0,91,45,46,46,0,10,4578.0
54000,1175,587,588,588,0,19,58418.0,127,63,64,64,0,11,5774.0,493,246,247,247,0,16,22547.0,1945,972,973,973,0,26,93018.0,627,313,314,314,0,16,30461.0,905,452,453,453,0,18,45283.0,423,211,212,212,0,16,19299.0,795,397,398,398,0,17,38623.0,99,49,50,50,0,9,4312.0,623,311,312,312,0,19,29707.0,961,480,481,481,0,21,47627.0,71,35,36,36,0,10,3498.0,355,177,178,178,0,18,15909.0,227,113,114,114,0,13,10480.0,267,133,134,134,0,16,12757.0,361,180,181,181,0,16,16881.0,633,316,317,317,0,18,30150.0,267,133,134,134,0,14,14017.0,1287,643,644,644,0,21,65431.0,99,49,50,50,0,10,5162.0
54100,1195,597,598,598,0,19,59009.0,137,68,69,69,0,11,6394.0,499,249,250,250,0,16,23148.0,1959,979,980,980,0,26,93601.0,649,324,325,325,0,17,31096.0,915,457,458,458,0,18,45907.0,433,216,217,217,0,16,19919.0,811,405,406,406,0,17,39238.0,111,55,56,56,0,10,4882.0,635,317,318,318,0,19,30270.0,965,482,483,483,0,21,48204.0,83,41,42,42,0,11,4131.0,371,185,186,186,0,19,16487.0,235,117,118,118,0,13,11080.0,279,139,140,140,0,16,13326.0,379,189,190,190,0,16,17479.0,645,322,323,323,0,18,30752.0,287,143,144,144,0,14,14606.0,1301,650,651,651,0,21,66085.0,109,54,55,55,0,10,5720.0
54200,1215,607,608,608,0,19,59589.0,149,74,75,75,0,12,7033.0,517,258,259,259,0,16,23784.0,1981,990,991,991,0,26,94211.0,659,329,330,330,0,17,31704.0,921,460,461,461,0,18,46491.0,455,227,228,228,0,17,20494.0,817,408,409,409,0,17,39815.0,123,61,62,62,0,10,5474.0,645,322,323,323,0,19,30866.0,973,486,487,487,0,21,48787.0,107,53,54,54,0,11,4764.0,381,190,191,191,0,19,17101.0,245,122,123,123,0,13,11705.0,293,146,147,147,0,16,13916.0,385,192,193,193,0,16,18069.0,661,330,331,331,0,18,31373.0,301,150,151,151,0,14,15245.0,1317,658,659,659,0,21,66664.0,117,58,59,59,0,11,6341.0
54300,1219,609,610,610,0,19,60161.0,159,79,80,80,0,12,7618.0,533,266,267,267,0,16,24413.0,1989,994,995,995,0,26,94776.0,671,335,336,336,0,17,32347.0,935,467,468,468,0,19,47081.0,467,233,234,234,0,17,21134.0,831,415,416,416,0,17,40445.0,133,66,67,67,0,10,6063.0,657,328,329,329,0,19,31439.0,985,492,493,493,0,21,49380.0,119,59,60,60,0,11,5366.0,393,196,197,197,0,19,17708.0,257,128,129,129,0,13,12300.0,301,150,151,151,0,16,14493.0,401,200,201,201,0,16,18695.0,671,335,336,336,0,18,31977.0,311,155,156,156,0,14,15818.0,1329,664,665,665,0,21,67251.0,131,65,66,66,0,11,6915.0
54400,1229,614,615,615,0,19,60788.0,173,86,87,87,0,12,8227.0,553,276,277,277,0,16,25006.0,2001,1000,1001,1001,0,26,95365.0,683,341,342,342,0,17,32929.0,945,472,473,473,0,19,47665.0,487,243,244,244,0,17,21748.0,839,419,420,420,0,17,41042.0,147,73,74,74,0,11,6639.0,665,332,333,333,0,19,32027.0,1003,501,502,502,0,21,49992.0,129,64,65,65,0,12,5919.0,401,200,201,201,0,19,18314.0,25,12,13,13,0,8,1634.0,309,154,155,155,0,16,15056.0,407,203,204,204,0,16,19264.0,681,340,341,341,0,18,32589.0,331,165,166,166,0,15,16430.0,1331,665,666,666,0,21,67832.0,139,69,70,70,0,11,7520.0
54500,1247,623,624,624,0,19,61373.0,183,91,92,92,0,12,8863.0,565,282,283,283,0,16,25616.0,2015,1007,1008,1008,0,26,95952.0,693,346,347,347,0,17,33533.0,965,482,483,483,0,19,48273.0,501,250,251,251,0,17,22320.0,859,429,430,430,0,17,41668.0,155,77,78,78,0,11,7251.0,681,340,341,341,0,19,32654.0,1025,512,513,513,0,21,50602.0,141,70,71,71,0,12,6543.0,423,211,212,212,0,19,18923.0,29,14,15,15,0,9,2211.0,321,160,161,161,0,16,15636.0,419,209,210,210,0,16,19871.0,695,347,348,348,0,18,33199.0,345,172,173,173,0,15,17018.0,1349,674,675,675,0,21,68424.0,159,79,80,80,0,11,8123.0
54600,1253,626,627,627,0,19,61940.0,203,101,102,102,0,13,9469.0,581,290,291,291,0,17,26236.0,2025,1012,1013,1013,0,26,96514.0,703,351,352,352,0,17,34077.0,977,488,489,489,0,19,48865.0,509,254,255,255,0,17,22948.0,871,435,436,436,0,17,42312.0,173,86,87,87,0,12,7840.0,701,350,351,351,0,20,33278.0,1043,521,522,522,0,21,51177.0,157,78,79,79,0,12,7115.0,437,218,219,219,0,19,19508.0,45,22,23,23,0,9,2777.0,333,166,167,167,0,17,16212.0,429,214,215,215,0,17,20464.0,709,354,355,355,0,18,33825.0,353,176,177,177,0,15,17651.0,1361,680,681,681,0,21,69023.0,173,86,87,87,0,12,8725.0
54700,1267,633,634,634,0,20,62558.0,213,106,107,107,0,13,10056.0,589,294,295,295,0,17,26824.0,591,295,296,296,0,17,27832.0,715,357,358,358,0,17,34668.0,991,495,496,496,0,19,49446.0,523,261,262,262,0,17,23569.0,883,441,442,442,0,17,42898.0,181,90,91,91,0,12,8438.0,705,352,353,353,0,20,33849.0,1053,526,527,527,0,21,51738.0,175,87,88,88,0,12,7739.0,443,221,222,222,0,19,20101.0,61,30,31,31,0,9,3414.0,343,171,172,172,0,17,16851.0,433,216,217,217,0,17,21033.0,719,359,360,360,0,18,34453.0,361,180,181,181,0,15,18274.0,1375,687,688,688,0,21,69648.0,181,90,91,91,0,12,9364.0
54800,1279,639,640,640,0,20,63119.0,221,110,111,111,0,13,10691.0,601,300,301,301,0,17,27447.0,603,301,302,302,0,17,28393.0,725,362,363,363,0,17,35253.0,1007,503,504,504,0,19,50047.0,531,265,266,266,0,17,24111.0,891,445,446,446,0,17,43519.0,193,96,97,97,0,13,9057.0,719,359,360,360,0,20,34409.0,1065,532,533,533,0,21,52320.0,183,91,92,92,0,13,8338.0,453,226,227,227,0,19,20711.0,75,37,38,38,0,10,4003.0,353,176,177,177,0,17,17438.0,445,222,223,223,0,17,21609.0,735,367,368,368,0,18,35052.0,383,191,192,192,0,15,18910.0,1391,695,696,696,0,21,70296.0,193,96,97,97,0,12,9957.0
54900,1285,642,643,643,0,20,63706.0,231,115,116,116,0,13,11291.0,615,307,308,308,0,17,28036.0,611,305,306,306,0,17,28934.0,737,368,369,369,0,17,35811.0,1015,507,508,508,0,19,50629.0,549,274,275,275,0,18,24717.0,909,454,455,455,0,18,44147.0,203,101,102,102,0,13,9649.0,727,363,364,364,0,20,35027.0,1073,536,537,537,0,21,52925.0,203,101,102,102,0,13,8906.0,465,232,233,233,0,19,21344.0,85,42,43,43,0,10,4634.0,369,184,185,185,0,18,18023.0,461,230,231,231,0,17,22179.0,747,373,374,374,0,18,35698.0,393,196,197,197,0,15,19487.0,1399,699,700,700,0,21,70899.0,205,102,103,103,0,12,10576.0
55000,1301,650,651,651,0,20,64310.0,247,123,124,124,0,13,11908.0,623,311,312,312,0,17,28644.0,629,314,315,315,0,17,29527.0,747,373,374,374,0,17,36384.0,1027,513,514,514,0,19,51188.0,559,279,280,280,0,18,25292.0,925,462,463,463,0,18,44774.0,219,109,110,110,0,13,10253.0,731,365,366,366,0,20,35621.0,1085,542,543,543,0,21,53454.0,211,105,106,106,0,13,9498.0,483,241,242,242,0,19,21927.0,91,45,46,46,0,10,5240.0,379,189,190,190,0,18,18646.0,469,234,235,235,0,17,22785.0,757,378,379,379,0,18,36344.0,405,202,203,203,0,15,20081.0,1411,705,706,706,0,21,71498.0,215,107,108,108,0,12,11136.0
55100,1315,657,658,658,0,20,64934.0,263,131,132,132,0,13,12486.0,635,317,318,318,0,17,29247.0,639,319,320,320,0,17,30128.0,757,378,379,379,0,17,37002.0,1049,524,525,525,0,19,51804.0,581,290,291,291,0,18,25923.0,937,468,469,469,0,18,45356.0,239,119,120,120,0,13,10861.0,739,369,370,370,0,20,36188.0,1097,548,549,549,0,21,54076.0,223,111,112,112,0,13,10084.0,495,247,248,248,0,19,22516.0,103,51,52,52,0,11,5851.0,401,200,201,201,0,18,19258.0,481,240,241,241,0,17,23394.0,769,384,385,385,0,19,36982.0,423,211,212,212,0,15,20743.0,1417,708,709,709,0,21,72115.0,227,113,114,114,0,12,11736.0
55200,1337,668,669,669,0,20,65553.0,279,139,140,140,0,14,13079.0,649,324,325,325,0,17,29839.0,653,326,327,327,0,17,30732.0,775,387,388,388,0,17,37598.0,1059,529,530,530,0,19,52385.0,599,299,300,300,0,18,26500.0,947,473,474,474,0,18,45970.0,251,125,126,126,0,13,11474.0,755,377,378,378,0,20,36773.0,1107,553,554,554,0,21,54679.0,235,117,118,118,0,13,10722.0,503,251,252,252,0,19,23104.0,121,60,61,61,0,11,6465.0,407,203,204,204,0,18,19833.0,497,248,249,249,0,17,24019.0,785,392,393,393,0,19,37527.0,445,222,223,223,0,16,21377.0,1423,711,712,712,0,21,72693.0,241,120,121,121,0,12,12341.0
55300,1347,673,674,674,0,20,66199.0,293,146,147,147,0,14,13675.0,663,331,332,332,0,18,30465.0,665,332,333,333,0,17,31295.0,789,394,395,395,0,17,38234.0,1073,536,537,537,0,19,52934.0,601,300,301,301,0,18,27103.0,949,474,475,475,0,18,46545.0,261,130,131,131,0,13,12071.0,769,384,385,385,0,20,37381.0,1121,560,561,561,0,21,55261.0,239,119,120,120,0,13,11299.0,515,257,258,258,0,19,23682.0,137,68,69,69,0,11,7089.0,419,209,210,210,0,18,20432.0,509,254,255,255,0,18,24590.0,797,398,399,399,0,19,38160.0,449,224,225,225,0,16,22015.0,1439,719,720,720,0,21,73315.0,259,129,130,130,0,12,12993.0
55400,1355,677,678,678,0,20,66803.0,305,152,153,153,0,14,14288.0,673,336,337,337,0,18,31036.0,683,341,342,342,0,17,31887.0,807,403,404,404,0,17,38835.0,119,59,60,60,0,13,6168.0,611,305,306,306,0,18,27720.0,955,477,478,478,0,18,47141.0,277,138,139,139,0,13,12683.0,777,388,389,389,0,20,37965.0,1125,562,563,563,0,21,55822.0,247,123,124,124,0,13,11922.0,537,268,269,269,0,19,24321.0,147,73,74,74,0,11,7684.0,435,217,218,218,0,19,21035.0,525,262,263,263,0,18,25174.0,809,404,405,405,0,19,38740.0,459,229,230,230,0,16,22622.0,1453,726,727,727,0,21,73916.0,271,135,136,136,0,12,13569.0
55500,1371,685,686,686,0,20,67395.0,319,159,160,160,0,14,14902.0,401,200,201,201,0,17,18372.0,691,345,346,346,0,17,32471.0,829,414,415,415,0,18,39443.0,135,67,68,68,0,13,6741.0,623,311,312,312,0,18,28320.0,965,482,483,483,0,18,47688.0,289,144,145,145,0,14,13318.0,785,392,393,393,0,20,38571.0,1137,568,569,569,0,21,56414.0,269,134,135,135,0,13,12549.0,545,272,273,273,0,19,24901.0,163,81,82,82,0,12,8308.0,451,225,226,226,0,19,21629.0,539,269,270,270,0,18,25783.0,819,409,410,410,0,19,39279.0,473,236,237,237,0,16,23260.0,1461,730,731,731,0,21,74504.0,287,143,144,144,0,13,14205.0
55600,1385,692,693,693,0,20,67974.0,329,164,165,165,0,14,15530.0,411,205,206,206,0,17,18976.0,705,352,353,353,0,17,33053.0,839,419,420,420,0,18,40063.0,151,75,76,76,0,14,7362.0,643,321,322,322,0,19,28935.0,987,493,494,494,0,18,48288.0,303,151,152,152,0,14,13941.0,787,393,394,394,0,20,39169.0,1155,577,578,578,0,21,57010.0,283,141,142,142,0,13,13162.0,557,278,279,279,0,20,25479.0,179,89,90,90,0,12,8960.0,461,230,231,231,0,20,22236.0,553,276,277,277,0,18,26363.0,843,421,422,422,0,19,39872.0,479,239,240,240,0,16,23849.0,1475,737,738,738,0,21,75090.0,295,147,148,148,0,13,14843.0
55700,1399,699,700,700,0,20,68571.0,345,172,173,173,0,15,16153.0,421,210,211,211,0,17,19545.0,719,359,360,360,0,17,33664.0,855,427,428,428,0,18,40691.0,161,80,81,81,0,14,7963.0,665,332,333,333,0,19,29495.0,1001,500,501,501,0,18,48894.0,309,154,155,155,0,14,14530.0,795,397,398,398,0,20,39771.0,1163,581,582,582,0,21,57642.0,291,145,146,146,0,14,13783.0,569,284,285,285,0,20,26043.0,197,98,99,99,0,12,9616.0,477,238,239,239,0,20,22827.0,561,280,281,281,0,18,26979.0,853,426,427,427,0,19,40466.0,489,244,245,245,0,16,24445.0,1489,744,745,745,0,21,75715.0,315,157,158,158,0,13,15478.0
55800,1413,706,707,707,0,20,69190.0,357,178,179,179,0,15,16760.0,441,220,221,221,0,17,20154.0,731,365,366,366,0,17,34273.0,869,434,435,435,0,18,41286.0,179,89,90,90,0,14,8620.0,673,336,337,337,0,19,30072.0,1011,505,506,506,0,18,49487.0,325,162,163,163,0,14,15145.0,811,405,406,406,0,20,40369.0,1179,589,590,590,0,21,58282.0,29,14,15,15,0,7,1473.0,585,292,293,293,0,20,26642.0,207,103,104,104,0,13,10177.0,487,243,244,244,0,20,23435.0,581,290,291,291,0,18,27573.0,859,429,430,430,0,19,41049.0,501,250,251,251,0,16,25044.0,1499,749,750,750,0,21,76298.0,323,161,162,162,0,13,16058.0
55900,1423,711,712,712,0,20,69837.0,365,182,183,183,0,15,17408.0,455,227,228,228,0,17,20744.0,741,370,371,371,0,17,34855.0,885,442,443,443,0,18,41892.0,189,94,95,95,0,15,9207.0,677,338,339,339,0,19,30643.0,1027,513,514,514,0,18,50111.0,333,166,167,167,0,14,15743.0,829,414,415,415,0,20,41004.0,1187,593,594,594,0,21,58884.0,45,22,23,23,0,8,2054.0,589,294,295,295,0,20,27273.0,221,110,111,111,0,13,10724.0,499,249,250,250,0,20,23983.0,591,295,296,296,0,18,28165.0,869,434,435,435,0,19,41643.0,511,255,256,256,0,16,25661.0,1511,755,756,756,0,21,76888.0,333,166,167,167,0,13,16646.0
56000,1437,718,719,719,0,20,70425.0,381,190,191,191,0,15,18022.0,473,236,237,237,0,17,21321.0,753,376,377,377,0,17,35437.0,891,445,446,446,0,18,42503.0,203,101,102,102,0,15,9778.0,693,346,347,347,0,19,31258.0,1031,515,516,516,0,18,50697.0,345,172,173,173,0,15,16366.0,843,421,422,422,0,20,41590.0,1207,603,604,604,0,21,59504.0,55,27,28,28,0,9,2653.0,595,297,298,298,0,20,27887.0,235,117,118,118,0,13,11316.0,517,258,259,259,0,20,24587.0,599,299,300,300,0,18,28788.0,875,437,438,438,0,19,42267.0,529,264,265,265,0,16,26245.0,1523,761,762,762,0,21,77475.0,357,178,179,179,0,13,17286.0
56100,1443,721,722,722,0,20,71004.0,395,197,198,198,0,15,18609.0,487,243,244,244,0,17,21913.0,773,386,387,387,0,17,36068.0,901,450,451,451,0,18,43097.0,221,110,111,111,0,16,10367.0,701,350,351,351,0,19,31885.0,1043,521,522,522,0,18,51278.0,359,179,180,180,0,15,16995.0,855,427,428,428,0,20,42171.0,1213,606,607,607,0,21,60085.0,69,34,35,35,0,10,3236.0,607,303,304,304,0,20,28498.0,249,124,125,125,0,13,11922.0,525,262,263,263,0,20,25194.0,615,307,308,308,0,18,29410.0,879,439,440,440,0,19,42902.0,547,273,274,274,0,16,26863.0,1531,765,766,766,0,21,78031.0,381,190,191,191,0,13,17913.0
56200,1449,724,725,725,0,20,71587.0,409,204,205,205,0,15,19167.0,499,249,250,250,0,17,22504.0,777,388,389,389,0,17,36644.0,909,454,455,455,0,18,43752.0,233,116,117,117,0,17,10959.0,719,359,360,360,0,19,32471.0,1059,529,530,530,0,18,51897.0,371,185,186,186,0,15,17577.0,867,433,434,434,0,20,42787.0,1225,612,613,613,0,21,60707.0,77,38,39,39,0,10,3849.0,617,308,309,309,0,20,29015.0,251,125,126,126,0,13,12534.0,537,268,269,269,0,20,25811.0,619,309,310,310,0,18,29987.0,891,445,446,446,0,19,43488.0,553,276,277,277,0,16,27439.0,1539,769,770,770,0,21,78622.0,391,195,196,196,0,13,18521.0
56300,1459,729,730,730,0,20,72203.0,417,208,209,209,0,15,19791.0,511,255,256,256,0,17,23106.0,787,393,394,394,0,17,37283.0,925,462,463,463,0,18,44356.0,241,120,121,121,0,17,11546.0,739,369,370,370,0,19,33073.0,1073,536,537,537,0,18,52489.0,383,191,192,192,0,15,18189.0,871,435,436,436,0,20,43380.0,125,62,63,63,0,11,5569.0,85,42,43,43,0,10,4432.0,621,310,311,311,0,20,29583.0,263,131,132,132,0,13,13152.0,543,271,272,272,0,20,26449.0,631,315,316,316,0,18,30598.0,913,456,457,457,0,19,44084.0,567,283,284,284,0,16,28012.0,1541,770,771,771,0,21,79196.0,401,200,201,201,0,14,19121.0
56400,1477,738,739,739,0,20,72796.0,429,214,215,215,0,15,20360.0,519,259,260,260,0,17,23694.0,797,398,399,399,0,17,37890.0,935,467,468,468,0,18,44933.0,253,126,127,127,0,17,12175.0,755,377,378,378,0,20,33698.0,1095,547,548,548,0,18,53142.0,393,196,197,197,0,15,18754.0,879,439,440,440,0,20,43940.0,135,67,68,68,0,11,6123.0,97,48,49,49,0,11,5051.0,635,317,318,318,0,20,30167.0,283,141,142,142,0,13,13707.0,549,274,275,275,0,20,27009.0,637,318,319,319,0,18,31240.0,925,462,463,463,0,19,44659.0,579,289,290,290,0,16,28618.0,1555,777,778,778,0,22,79814.0,409,204,205,205,0,14,19726.0
56500,1485,742,743,743,0,20,73387.0,443,221,222,222,0,15,20985.0,527,263,264,264,0,17,24287.0,809,404,405,405,0,17,38545.0,943,471,472,472,0,18,45528.0,267,133,134,134,0,17,12781.0,769,384,385,385,0,20,34309.0,1099,549,550,550,0,18,53758.0,403,201,202,202,0,15,19337.0,901,450,451,451,0,20,44569.0,141,70,71,71,0,11,6686.0,107,53,54,54,0,11,5628.0,645,322,323,323,0,20,30774.0,295,147,148,148,0,14,14321.0,53,26,27,27,0,9,2164.0,653,326,327,327,0,18,31815.0,931,465,466,466,0,19,45284.0,599,299,300,300,0,16,29263.0,1571,785,786,786,0,22,80424.0,427,213,214,214,0,14,20329.0
56600,1503,751,752,752,0,20,74030.0,453,226,227,227,0,15,21579.0,535,267,268,268,0,17,24869.0,825,412,413,413,0,17,39102.0,963,481,482,482,0,19,46131.0,281,140,141,141,0,17,13413.0,773,386,387,387,0,20,34905.0,1115,557,558,558,0,18,54386.0,419,209,210,210,0,15,19948.0,911,455,456,456,0,20,45144.0,155,77,78,78,0,12,7299.0,121,60,61,61,0,12,6243.0,655,327,328,328,0,20,31346.0,309,154,155,155,0,14,14880.0,67,33,34,34,0,9,2742.0,667,333,334,334,0,19,32415.0,947,473,474,474,0,19,45875.0,607,303,304,304,0,16,29824.0,1591,795,796,796,0,22,81034.0,435,217,218,218,0,14,20947.0
56700,1523,761,762,762,0,21,74644.0,465,232,233,233,0,15,22140.0,541,270,271,271,0,17,25491.0,841,420,421,421,0,17,39676.0,975,487,488,488,0,19,46726.0,293,146,147,147,0,17,14019.0,787,393,394,394,0,20,35472.0,1123,561,562,562,0,18,54948.0,427,213,214,214,0,15,20530.0,917,458,459,459,0,20,45747.0,163,81,82,82,0,12,7865.0,135,67,68,68,0,12,6833.0,677,338,339,339,0,21,31928.0,331,165,166,166,0,14,15464.0,79,39,40,40,0,10,3311.0,675,337,338,338,0,19,32983.0,967,483,484,484,0,19,46462.0,611,305,306,306,0,17,30435.0,1605,802,803,803,0,22,81631.0,439,219,220,220,0,14,21537.0
56800,1537,768,769,769,0,21,75301.0,475,237,238,238,0,15,22745.0,559,279,280,280,0,17,26133.0,853,426,427,427,0,17,40275.0,983,491,492,492,0,19,47326.0,309,154,155,155,0,18,14612.0,795,397,398,398,0,20,36052.0,1127,563,564,564,0,18,55549.0,439,219,220,220,0,15,21122.0,933,466,467,467,0,20,46331.0,181,90,91,91,0,13,8472.0,143,71,72,72,0,12,7376.0,689,344,345,345,0,21,32523.0,343,171,172,172,0,14,16104.0,93,46,47,47,0,10,3922.0,3,1,2,2,0,2,56.0,983,491,492,492,0,19,47083.0,623,311,312,312,0,17,31074.0,1623,811,812,812,0,22,82229.0,455,227,228,228,0,14,22151.0
56900,1545,772,773,773,0,21,75918.0,495,247,248,248,0,16,23315.0,569,284,285,285,0,17,26720.0,869,434,435,435,0,17,40861.0,997,498,499,499,0,19,47957.0,319,159,160,160,0,18,15246.0,809,404,405,405,0,20,36671.0,1139,569,570,570,0,18,56097.0,447,223,224,224,0,15,21731.0,943,471,472,472,0,20,46920.0,191,95,96,96,0,13,9097.0,157,78,79,79,0,13,8033.0,701,350,351,351,0,21,33135.0,351,175,176,176,0,14,16680.0,109,54,55,55,0,11,4521.0,11,5,6,6,0,5,676.0,991,495,496,496,0,19,47659.0,635,317,318,318,0,17,31682.0,1637,818,819,819,0,22,82769.0,475,237,238,238,0,14,22762.0
57000,1561,780,781,781,0,21,76513.0,509,254,255,255,0,16,23891.0,581,290,291,291,0,17,27303.0,879,439,440,440,0,17,41453.0,1011,505,506,506,0,19,48497.0,337,168,169,169,0,18,15828.0,811,405,406,406,0,20,37253.0,1151,575,576,576,0,18,56660.0,455,227,228,228,0,15,22356.0,955,477,478,478,0,20,47503.0,199,99,100,100,0,13,9697.0,165,82,83,83,0,13,8611.0,713,356,357,357,0,21,33726.0,355,177,178,178,0,14,17273.0,117,58,59,59,0,11,5147.0,23,11,12,12,0,7,1238.0,999,499,500,500,0,19,48237.0,645,322,323,323,0,17,32299.0,1647,823,824,824,0,22,83420.0,487,243,244,244,0,14,23323.0
57100,1573,786,787,787,0,21,77104.0,523,261,262,262,0,16,24527.0,607,303,304,304,0,18,27935.0,903,451,452,452,0,17,42075.0,1025,512,513,513,0,19,49061.0,351,175,176,176,0,19,16381.0,829,414,415,415,0,20,37858.0,1165,582,583,583,0,18,57253.0,461,230,231,231,0,15,22943.0,961,480,481,481,0,20,48075.0,209,104,105,105,0,14,10281.0,173,86,87,87,0,13,9219.0,727,363,364,364,0,21,34361.0,365,182,183,183,0,15,17886.0,131,65,66,66,0,12,5764.0,43,21,22,22,0,8,1865.0,1015,507,508,508,0,19,48899.0,655,327,328,328,0,17,32879.0,1657,828,829,829,0,22,84000.0,493,246,247,247,0,14,23904.0
57200,1575,787,788,788,0,21,77651.0,527,263,264,264,0,16,25162.0,615,307,308,308,0,18,28543.0,909,454,455,455,0,17,42665.0,1033,516,517,517,0,19,49637.0,367,183,184,184,0,19,16988.0,855,427,428,428,0,20,38474.0,1171,585,586,586,0,18,57858.0,485,242,243,243,0,15,23560.0,973,486,487,487,0,20,48670.0,225,112,113,113,0,14,10905.0,195,97,98,98,0,13,9808.0,745,372,373,373,0,21,34947.0,377,188,189,189,0,15,18442.0,149,74,75,75,0,12,6383.0,61,30,31,31,0,10,2494.0,1025,512,513,513,0,19,49481.0,673,336,337,337,0,17,33477.0,1673,836,837,837,0,22,84598.0,501,250,251,251,0,15,24497.0
57300,1591,795,796,796,0,22,78256.0,539,269,270,270,0,16,25764.0,625,312,313,313,0,18,29150.0,921,460,461,461,0,17,43269.0,1043,521,522,522,0,19,50246.0,379,189,190,190,0,19,17621.0,867,433,434,434,0,20,39084.0,1179,589,590,590,0,18,58468.0,497,248,249,249,0,15,24140.0,983,491,492,492,0,20,49259.0,237,118,119,119,0,14,11536.0,205,102,103,103,0,13,10423.0,763,381,382,382,0,21,35539.0,387,193,194,194,0,15,19076.0,155,77,78,78,0,12,6968.0,69,34,35,35,0,10,3079.0,1041,520,521,521,0,19,50062.0,685,342,343,343,0,17,34063.0,1683,841,842,842,0,22,85206.0,509,254,255,255,0,15,25103.0
57400,1597,798,799,799,0,22,78861.0,547,273,274,274,0,16,26359.0,635,317,318,318,0,18,29765.0,931,465,466,466,0,17,43846.0,1055,527,528,528,0,19,50887.0,391,195,196,196,0,19,18258.0,875,437,438,438,0,20,39699.0,1189,594,595,595,0,19,59099.0,525,262,263,263,0,16,24735.0,995,497,498,498,0,20,49886.0,251,125,126,126,0,14,12152.0,217,108,109,109,0,13,10985.0,769,384,385,385,0,21,36151.0,393,196,197,197,0,15,19707.0,169,84,85,85,0,13,7592.0,79,39,40,40,0,10,3687.0,1055,527,528,528,0,19,50676.0,697,348,349,349,0,18,34675.0,1691,845,846,846,0,22,85798.0,523,261,262,262,0,15,25691.0
57500,1613,806,807,807,0,22,79482.0,555,277,278,278,0,16,26962.0,649,324,325,325,0,18,30414.0,941,470,471,471,0,17,44430.0,1059,529,530,530,0,19,51473.0,397,198,199,199,0,20,18922.0,885,442,443,443,0,20,40281.0,1203,601,602,602,0,19,59669.0,543,271,272,272,0,16,25326.0,1013,506,507,507,0,20,50491.0,261,130,131,131,0,14,12762.0,231,115,116,116,0,13,11614.0,779,389,390,390,0,21,36777.0,409,204,205,205,0,15,20334.0,181,90,91,91,0,13,8173.0,93,46,47,47,0,11,4250.0,1063,531,532,532,0,19,51299.0,719,359,360,360,0,18,35272.0,1701,850,851,851,0,22,86341.0,7,3,4,4,0,3,456.0
57600,1617,808,809,809,0,22,80062.0,575,287,288,288,0,16,27638.0,657,328,329,329,0,18,31029.0,951,475,476,476,0,18,45055.0,1073,536,537,537,0,19,52068.0,409,204,205,205,0,20,19481.0,891,445,446,446,0,20,40850.0,1213,606,607,607,0,19,60291.0,549,274,275,275,0,16,25966.0,1025,512,513,513,0,20,51081.0,271,135,136,136,0,14,13393.0,251,125,126,126,0,13,12238.0,793,396,397,397,0,21,37364.0,429,214,215,215,0,15,20970.0,193,96,97,97,0,13,8773.0,107,53,54,54,0,12,4826.0,1085,542,543,543,0,20,51918.0,729,364,365,365,0,18,35853.0,1713,856,857,857,0,22,86937.0,21,10,11,11,0,6,1077.0
57700,1631,815,816,816,0,22,80726.0,587,293,294,294,0,16,28255.0,681,340,341,341,0,18,31637.0,959,479,480,480,0,18,45631.0,1097,548,549,549,0,19,52697.0,423,211,212,212,0,20,20107.0,895,447,448,448,0,20,41465.0,1229,614,615,615,0,19,60903.0,555,277,278,278,0,16,26533.0,1047,523,524,524,0,20,51694.0,289,144,145,145,0,14,13992.0,267,133,134,134,0,13,12867.0,811,405,406,406,0,21,37945.0,443,221,222,222,0,15,21566.0,203,101,102,102,0,13,9315.0,121,60,61,61,0,12,5435.0,1093,546,547,547,0,20,52496.0,739,369,370,370,0,18,36478.0,1723,861,862,862,0,22,87569.0,37,18,19,19,0,7,1703.0
57800,1645,822,823,823,0,22,81349.0,603,301,302,302,0,16,28848.0,699,349,350,350,0,18,32290.0,973,486,487,487,0,18,46232.0,1111,555,556,556,0,19,53280.0,441,220,221,221,0,20,20704.0,909,454,455,455,0,21,42038.0,1239,619,620,620,0,19,61494.0,563,281,282,282,0,16,27127.0,1059,529,530,530,0,20,52278.0,309,154,155,155,0,15,14563.0,285,142,143,143,0,14,13440.0,819,409,410,410,0,21,38557.0,447,223,224,224,0,15,22139.0,211,105,106,106,0,13,9931.0,11,5,6,6,0,6,683.0,1103,551,552,552,0,20,53113.0,753,376,377,377,0,18,37117.0,1735,867,868,868,0,22,88202.0,51,25,26,26,0,8,2302.0
57900,1663,831,832,832,0,22,81938.0,615,307,308,308,0,16,29418.0,705,352,353,353,0,18,32898.0,983,491,492,492,0,18,46845.0,1127,563,564,564,0,19,53826.0,453,226,227,227,0,20,21311.0,917,458,459,459,0,21,42624.0,1247,623,624,624,0,19,62061.0,569,284,285,285,0,16,27727.0,1071,535,536,536,0,21,52893.0,321,160,161,161,0,15,15152.0,295,147,148,148,0,14,14023.0,825,412,413,413,0,21,39139.0,463,231,232,232,0,15,22756.0,221,110,111,111,0,14,10539.0,23,11,12,12,0,7,1293.0,1113,556,557,557,0,20,53708.0,771,385,386,386,0,18,37668.0,1745,872,873,873,0,22,88827.0,59,29,30,30,0,8,2864.0
58000,1671,835,836,836,0,22,82502.0,629,314,315,315,0,16,29977.0,719,359,360,360,0,18,33499.0,999,499,500,500,0,18,47445.0,1139,569,570,570,0,20,54428.0,461,230,231,231,0,20,21922.0,937,468,469,469,0,21,43226.0,1257,628,629,629,0,19,62651.0,575,287,288,288,0,16,28333.0,1075,537,538,538,0,21,53511.0,331,165,166,166,0,15,15744.0,303,151,152,152,0,14,14638.0,835,417,418,418,0,21,39738.0,481,240,241,241,0,15,23351.0,235,117,118,118,0,14,11154.0,37,18,19,19,0,8,1877.0,1127,563,564,564,0,20,54319.0,775,387,388,388,0,18,38222.0,1759,879,880,880,0,22,89395.0,67,33,34,34,0,9,3507.0
58100,1683,841,842,842,0,22,83109.0,635,317,318,318,0,16,30559.0,731,365,366,366,0,18,34122.0,1011,505,506,506,0,18,48039.0,1149,574,575,575,0,20,55042.0,471,235,236,236,0,20,22536.0,953,476,477,477,0,21,43825.0,1267,633,634,634,0,19,63231.0,587,293,294,294,0,16,28969.0,1087,543,544,544,0,21,54092.0,337,168,169,169,0,15,16307.0,307,153,154,154,0,14,15262.0,849,424,425,425,0,21,40351.0,487,243,244,244,0,15,23921.0,247,123,124,124,0,15,11784.0,51,25,26,26,0,9,2514.0,1145,572,573,573,0,20,54897.0,789,394,395,395,0,18,38784.0,1775,887,888,888,0,22,89987.0,83,41,42,42,0,10,4084.0
58200,1709,854,855,855,0,22,83702.0,655,327,328,328,0,16,31154.0,743,371,372,372,0,19,34706.0,1023,511,512,512,0,18,48666.0,1165,582,583,583,0,20,55641.0,487,243,244,244,0,20,23148.0,971,485,486,486,0,21,44402.0,1283,641,642,642,0,19,63865.0,599,299,300,300,0,17,29564.0,1101,550,551,551,0,21,54700.0,347,173,174,174,0,15,16945.0,327,163,164,164,0,15,15920.0,863,431,432,432,0,21,40920.0,505,252,253,253,0,15,24508.0,265,132,133,133,0,15,12403.0,61,30,31,31,0,10,3131.0,1151,575,576,576,0,20,55493.0,809,404,405,405,0,18,39394.0,1783,891,892,892,0,22,90577.0,95,47,48,48,0,10,4652.0
58300,1725,862,863,863,0,22,84285.0,667,333,334,334,0,17,31745.0,759,379,380,380,0,19,35282.0,1029,514,515,515,0,18,49238.0,1181,590,591,591,0,20,56207.0,497,248,249,249,0,21,23725.0,981,490,491,491,0,21,45002.0,1289,644,645,645,0,19,64458.0,613,306,307,307,0,17,30190.0,1109,554,555,555,0,21,55332.0,353,176,177,177,0,15,17576.0,333,166,167,167,0,15,16483.0,883,441,442,442,0,21,41548.0,517,258,259,259,0,16,25099.0,283,141,142,142,0,15,12996.0,73,36,37,37,0,11,3730.0,1163,581,582,582,0,20,56063.0,815,407,408,408,0,18,40038.0,1787,893,894,894,0,22,91188.0,99,49,50,50,0,10,5221.0
58400,1735,867,868,868,0,22,84919.0,675,337,338,338,0,17,32359.0,775,387,388,388,0,19,35918.0,1045,522,523,523,0,18,49837.0,1195,597,598,598,0,20,56815.0,513,256,257,257,0,21,24310.0,1001,500,501,501,0,21,45615.0,349,174,175,175,0,16,15912.0,631,315,316,316,0,17,30787.0,1125,562,563,563,0,21,55927.0,375,187,188,188,0,15,18210.0,339,169,170,170,0,15,17101.0,895,447,448,448,0,21,42164.0,533,266,267,267,0,16,25686.0,293,146,147,147,0,15,13617.0,81,40,41,41,0,11,4321.0,1185,592,593,593,0,20,56654.0,829,414,415,415,0,18,40635.0,1809,904,905,905,0,22,91825.0,121,60,61,61,0,11,5822.0
58500,1741,870,871,871,0,22,85528.0,695,347,348,348,0,17,33024.0,787,393,394,394,0,19,36529.0,1053,526,527,527,0,18,50440.0,1207,603,604,604,0,20,57388.0,527,263,264,264,0,21,24912.0,1011,505,506,506,0,21,46259.0,357,178,179,179,0,16,16498.0,643,321,322,322,0,17,31399.0,1137,568,569,569,0,21,56538.0,391,195,196,196,0,15,18787.0,351,175,176,176,0,15,17709.0,917,458,459,459,0,21,42744.0,537,268,269,269,0,16,26247.0,307,153,154,154,0,15,14193.0,95,47,48,48,0,12,4877.0,1195,597,598,598,0,20,57267.0,845,422,423,423,0,18,41266.0,1823,911,912,912,0,22,92444.0,133,66,67,67,0,11,6425.0
58600,1753,876,877,877,0,22,86109.0,709,354,355,355,0,17,33621.0,803,401,402,402,0,19,37108.0,1065,532,533,533,0,18,51046.0,1227,613,614,614,0,20,57983.0,551,275,276,276,0,21,25545.0,1025,512,513,513,0,21,46821.0,371,185,186,186,0,16,17084.0,487,243,244,244,0,15,23349.0,1155,577,578,578,0,21,57145.0,407,203,204,204,0,15,19376.0,377,188,189,189,0,15,18344.0,929,464,465,465,0,21,43332.0,547,273,274,274,0,16,26864.0,321,160,161,161,0,15,14796.0,111,55,56,56,0,12,5483.0,1201,600,601,601,0,20,57851.0,855,427,428,428,0,18,41872.0,1837,918,919,919,0,22,93022.0,149,74,75,75,0,11,7007.0
58700,1763,881,882,882,0,22,86709.0,721,360,361,361,0,17,34231.0,813,406,407,407,0,19,37690.0,1079,539,540,540,0,18,51650.0,1241,620,621,621,0,20,58594.0,565,282,283,283,0,21,26199.0,1033,516,517,517,0,21,47397.0,397,198,199,199,0,16,17660.0,501,250,251,251,0,15,23948.0,1163,581,582,582,0,21,57755.0,425,212,213,213,0,15,19996.0,391,195,196,196,0,15,18964.0,935,467,468,468,0,21,43943.0,551,275,276,276,0,16,27468.0,329,164,165,165,0,15,15389.0,125,62,63,63,0,12,6103.0,1213,606,607,607,0,20,58462.0,873,436,437,437,0,18,42467.0,1845,922,923,923,0,22,93603.0,155,77,78,78,0,11,7593.0
58800,1777,888,889,889,0,22,87308.0,737,368,369,369,0,17,34838.0,823,411,412,412,0,19,38339.0,1101,550,551,551,0,18,52252.0,1251,625,626,626,0,20,59156.0,573,286,287,287,0,21,26839.0,1043,521,522,522,0,21,48008.0,411,205,206,206,0,16,18243.0,513,256,257,257,0,15,24565.0,1175,587,588,588,0,21,58403.0,435,217,218,218,0,15,20562.0,403,201,202,202,0,15,19576.0,939,469,470,470,0,21,44534.0,567,283,284,284,0,16,28093.0,335,167,168,168,0,15,15957.0,135,67,68,68,0,12,6730.0,1227,613,614,614,0,20,59039.0,885,442,443,443,0,18,43053.0,1865,932,933,933,0,22,94179.0,175,87,88,88,0,12,8182.0
58900,1783,891,892,892,0,22,87901.0,753,376,377,377,0,17,35423.0,837,418,419,419,0,19,38944.0,1117,558,559,559,0,18,52848.0,1261,630,631,631,0,20,59697.0,579,289,290,290,0,21,27408.0,1055,527,528,528,0,22,48635.0,421,210,211,211,0,16,18863.0,523,261,262,262,0,16,25172.0,1197,598,599,599,0,21,58991.0,445,222,223,223,0,16,21196.0,415,207,208,208,0,15,20190.0,959,479,480,480,0,21,45123.0,579,289,290,290,0,16,28713.0,347,173,174,174,0,15,16504.0,147,73,74,74,0,12,7318.0,1241,620,621,621,0,20,59672.0,897,448,449,449,0,18,43652.0,1875,937,938,938,0,22,94811.0,183,91,92,92,0,12,8767.0
59000,1797,898,899,899,0,22,88477.0,765,382,383,383,0,17,36032.0,843,421,422,422,0,20,39596.0,1135,567,568,568,0,18,53495.0,1275,637,638,638,0,20,60289.0,161,80,81,81,0,13,7613.0,1063,531,532,532,0,22,49222.0,435,217,218,218,0,17,19434.0,533,266,267,267,0,16,25760.0,1207,603,604,604,0,21,59567.0,455,227,228,228,0,16,21791.0,427,213,214,214,0,16,20788.0,967,483,484,484,0,21,45746.0,5,2,3,3,0,3,147.0,357,178,179,179,0,15,17074.0,165,82,83,83,0,12,7930.0,1257,628,629,629,0,20,60303.0,909,454,455,455,0,18,44266.0,1883,941,942,942,0,22,95415.0,195,97,98,98,0,13,9381.0
59100,1821,910,911,911,0,22,89118.0,771,385,386,386,0,17,36622.0,855,427,428,428,0,20,40223.0,1143,571,572,572,0,18,54069.0,1285,642,643,643,0,20,60874.0,167,83,84,84,0,13,8245.0,1073,536,537,537,0,22,49837.0,449,224,225,225,0,17,20040.0,543,271,272,272,0,16,26395.0,1223,611,612,612,0,21,60183.0,471,235,236,236,0,16,22412.0,435,217,218,218,0,16,21387.0,977,488,489,489,0,21,46335.0,19,9,10,10,0,7,781.0,371,185,186,186,0,16,17674.0,179,89,90,90,0,13,8518.0,1279,639,640,640,0,20,60875.0,927,463,464,464,0,18,44904.0,1903,951,952,952,0,22,96045.0,209,104,105,105,0,13,9951.0
59200,1827,913,914,914,0,22,89700.0,781,390,391,391,0,17,37213.0,869,434,435,435,0,20,40843.0,1151,575,576,576,0,18,54688.0,1307,653,654,654,0,20,61479.0,173,86,87,87,0,13,8834.0,1087,543,544,544,0,22,50418.0,455,227,228,228,0,17,20603.0,555,277,278,278,0,17,27016.0,1235,617,618,618,0,21,60820.0,489,244,245,245,0,16,23003.0,435,217,218,218,0,16,22009.0,991,495,496,496,0,21,46937.0,31,15,16,16,0,9,1340.0,379,189,190,190,0,16,18228.0,185,92,93,93,0,13,9156.0,1289,644,645,645,0,20,61472.0,937,468,469,469,0,18,45487.0,1917,958,959,959,0,22,96622.0,229,114,115,115,0,13,10554.0
59300,1839,919,920,920,0,22,90298.0,787,393,394,394,0,17,37809.0,877,438,439,439,0,20,41474.0,1171,585,586,586,0,19,55301.0,1319,659,660,660,0,20,62091.0,193,96,97,97,0,13,9427.0,1099,549,550,550,0,22,51018.0,467,233,234,234,0,17,21233.0,563,281,282,282,0,17,27634.0,1251,625,626,626,0,21,61434.0,505,252,253,253,0,16,23610.0,451,225,226,226,0,16,22595.0,1009,504,505,505,0,21,47533.0,39,19,20,20,0,10,1968.0,397,198,199,199,0,16,18834.0,199,99,100,100,0,14,9717.0,1309,654,655,655,0,20,62085.0,949,474,475,475,0,18,46062.0,1935,967,968,968,0,22,97207.0,237,118,119,119,0,13,11173.0
59400,1845,922,923,923,0,22,90901.0,799,399,400,400,0,17,38415.0,889,444,445,445,0,20,42088.0,1181,590,591,591,0,19,55871.0,1337,668,669,669,0,20,62678.0,213,106,107,107,0,13,10026.0,1111,555,556,556,0,22,51615.0,479,239,240,240,0,17,21828.0,569,284,285,285,0,17,28207.0,145,72,73,73,0,13,6809.0,513,256,257,257,0,16,24192.0,465,232,233,233,0,16,23232.0,1027,513,514,514,0,22,48136.0,51,25,26,26,0,10,2533.0,411,205,206,206,0,17,19428.0,205,102,103,103,0,14,10314.0,1323,661,662,662,0,20,62651.0,963,481,482,482,0,18,46629.0,1943,971,972,972,0,22,97808.0,255,127,128,128,0,13,11753.0
59500,1853,926,927,927,0,22,91522.0,821,410,411,411,0,17,38995.0,899,449,450,450,0,20,42708.0,1193,596,597,597,0,19,56474.0,1351,675,676,676,0,20,63268.0,235,117,118,118,0,13,10624.0,1121,560,561,561,0,22,52201.0,497,248,249,249,0,17,22439.0,587,293,294,294,0,17,28870.0,163,81,82,82,0,13,7421.0,525,262,263,263,0,16,24775.0,479,239,240,240,0,16,23830.0,1045,522,523,523,0,22,48745.0,61,30,31,31,0,11,3131.0,427,213,214,214,0,17,20027.0,219,109,110,110,0,14,10904.0,1333,666,667,667,0,20,63251.0,979,489,490,490,0,18,47232.0,1953,976,977,977,0,22,98374.0,271,135,136,136,0,13,12387.0
59600,1861,930,931,931,0,22,92136.0,841,420,421,421,0,17,39625.0,911,455,456,456,0,20,43310.0,1199,599,600,600,0,19,57087.0,1359,679,680,680,0,20,63858.0,243,121,122,122,0,14,11188.0,1137,568,569,569,0,22,52814.0,505,252,253,253,0,17,23021.0,599,299,300,300,0,17,29457.0,175,87,88,88,0,13,8038.0,541,270,271,271,0,16,25348.0,491,245,246,246,0,16,24429.0,1057,528,529,529,0,22,49323.0,1,0,1,1,0,1,87.0,441,220,221,221,0,17,20669.0,233,116,117,117,0,14,11516.0,1347,673,674,674,0,20,63814.0,989,494,495,495,0,18,47848.0,1971,985,986,986,0,22,98961.0,277,138,139,139,0,13,12991.0
59700,1877,938,939,939,0,22,92768.0,849,424,425,425,0,17,40241.0,919,459,460,460,0,20,43870.0,1213,606,607,607,0,19,57730.0,1375,687,688,688,0,20,64427.0,255,127,128,128,0,14,11787.0,1147,573,574,574,0,22,53440.0,517,258,259,259,0,17,23627.0,609,304,305,305,0,17,30080.0,189,94,95,95,0,14,8645.0,557,278,279,279,0,16,25994.0,507,253,254,254,0,16,25057.0,1067,533,534,534,0,22,49866.0,17,8,9,9,0,6,713.0,451,225,226,226,0,17,21259.0,253,126,127,127,0,15,12113.0,1363,681,682,682,0,20,64401.0,999,499,500,500,0,18,48461.0,1987,993,994,994,0,22,99581.0,289,144,145,145,0,13,13607.0
59800,1897,948,949,949,0,22,93394.0,861,430,431,431,0,17,40857.0,923,461,462,462,0,20,44443.0,1219,609,610,610,0,19,58342.0,1381,690,691,691,0,20,65040.0,261,130,131,131,0,14,12383.0,1161,580,581,581,0,22,54024.0,529,264,265,265,0,17,24265.0,629,314,315,315,0,17,30661.0,201,100,101,101,0,14,9259.0,567,283,284,284,0,16,26543.0,521,260,261,261,0,16,25708.0,1073,536,537,537,0,22,50455.0,29,14,15,15,0,7,1324.0,179,89,90,90,0,12,9236.0,261,130,131,131,0,15,12693.0,1375,687,688,688,0,20,65041.0,1015,507,508,508,0,18,49113.0,1997,998,999,999,0,22,100195.0,309,154,155,155,0,14,14246.0
59900,1907,953,954,954,0,22,93999.0,873,436,437,437,0,17,41469.0,933,466,467,467,0,20,45019.0,1227,613,614,614,0,19,58959.0,1395,697,698,698,0,20,65666.0,279,139,140,140,0,14,12997.0,1167,583,584,584,0,22,54578.0,535,267,268,268,0,17,24831.0,639,319,320,320,0,17,31241.0,215,107,108,108,0,15,9872.0,589,294,295,295,0,16,27176.0,537,268,269,269,0,16,26305.0,1085,542,543,543,0,22,51079.0,41,20,21,21,0,7,1943.0,191,95,96,96,0,12,9860.0,279,139,140,140,0,15,13306.0,1387,693,694,694,0,20,65614.0,1031,515,516,516,0,18,49716.0,2007,1003,1004,1004,0,22,100795.0,329,164,165,165,0,14,14852.0
60000,1921,960,961,961,0,22,94633.0,891,445,446,446,0,18,42074.0,953,476,477,477,0,20,45577.0,1241,620,621,621,0,19,59527.0,1411,705,706,706,0,20,66252.0,291,145,146,146,0,14,13591.0,1181,590,591,591,0,22,55197.0,551,275,276,276,0,17,25484.0,651,325,326,326,0,17,31859.0,227,113,114,114,0,16,10480.0,601,300,301,301,0,16,27759.0,551,275,276,276,0,16,26925.0,1099,549,550,550,0,22,51716.0,57,28,29,29,0,8,2548.0,199,99,100,100,0,12,10440.0,175,87,88,88,0,16,9063.0,1393,696,697,697,0,20,66210.0,1047,523,524,524,0,18,50304.0,2017,1008,1009,1009,0,22,101411.0,341,170,171,171,0,14,15444.0
60100,1937,968,969,969,0,22,95199.0,903,451,452,452,0,18,42711.0,967,483,484,484,0,20,46128.0,1259,629,630,630,0,19,60133.0,1421,710,711,711,0,20,66860.0,315,157,158,158,0,14,14219.0,1199,599,600,600,0,22,55770.0,565,282,283,283,0,17,26099.0,669,334,335,335,0,17,32430.0,239,119,120,120,0,16,11090.0,615,307,308,308,0,16,28389.0,563,281,282,282,0,16,27534.0,1101,550,551,551,0,22,52312.0,67,33,34,34,0,8,3128.0,207,103,104,104,0,13,11011.0,185,92,93,93,0,16,9661.0,1405,702,703,703,0,20,66781.0,1059,529,530,530,0,18,50905.0,2035,1017,1018,1018,0,22,102027.0,353,176,177,177,0,14,16083.0
60200,1961,980,981,981,0,22,95849.0,913,456,457,457,0,18,43336.0,981,490,491,491,0,20,46716.0,1267,633,634,634,0,19,60742.0,1433,716,717,717,0,20,67471.0,319,159,160,160,0,14,14822.0,1211,605,606,606,0,22,56347.0,579,289,290,290,0,17,26732.0,675,337,338,338,0,17,32996.0,247,123,124,124,0,16,11659.0,621,310,311,311,0,16,29001.0,571,285,286,286,0,16,28160.0,1117,558,559,559,0,22,52886.0,81,40,41,41,0,9,3766.0,225,112,113,113,0,13,11624.0,197,98,99,99,0,17,10253.0,1421,710,711,711,0,20,67404.0,1077,538,539,539,0,18,51508.0,2047,1023,1024,1024,0,22,102662.0,359,179,180,180,0,14,16707.0
60300,1969,984,985,985,0,22,96421.0,923,461,462,462,0,18,43905.0,993,496,497,497,0,20,47327.0,1281,640,641,641,0,19,61315.0,1445,722,723,723,0,20,68065.0,325,162,163,163,0,14,15419.0,1223,611,612,612,0,22,56940.0,595,297,298,298,0,18,27366.0,683,341,342,342,0,17,33550.0,257,128,129,129,0,17,12259.0,637,318,319,319,0,17,29580.0,585,292,293,293,0,16,28798.0,1127,563,564,564,0,22,53501.0,97,48,49,49,0,9,4365.0,235,117,118,118,0,13,12220.0,205,102,103,103,0,17,10814.0,1433,716,717,717,0,20,68003.0,1103,551,552,552,0,18,52141.0,2057,1028,1029,1029,0,22,103253.0,375,187,188,188,0,15,17303.0
60400,1981,990,991,991,0,22,97016.0,935,467,468,468,0,18,44517.0,1003,501,502,502,0,20,47912.0,1297,648,649,649,0,19,61942.0,1449,724,725,725,0,20,68673.0,335,167,168,168,0,15,15958.0,1233,616,617,617,0,22,57560.0,613,306,307,307,0,18,27953.0,703,351,352,352,0,17,34174.0,273,136,137,137,0,17,12859.0,647,323,324,324,0,17,30226.0,65,32,33,33,0,12,2706.0,1135,567,568,568,0,22,54099.0,109,54,55,55,0,10,5010.0,245,122,123,123,0,13,12818.0,213,106,107,107,0,17,11400.0,1447,723,724,724,0,20,68608.0,1111,555,556,556,0,18,52744.0,2065,1032,1033,1033,0,22,103840.0,387,193,194,194,0,15,17896.0
60500,1993,996,997,997,0,22,97631.0,951,475,476,476,0,18,45089.0,1025,512,513,513,0,20,48488.0,1311,655,656,656,0,19,62494.0,1463,731,732,732,0,20,69287.0,343,171,172,172,0,15,16554.0,1249,624,625,625,0,22,58180.0,619,309,310,310,0,18,28560.0,711,355,356,356,0,18,34776.0,285,142,143,143,0,17,13415.0,661,330,331,331,0,17,30819.0,73,36,37,37,0,12,3336.0,1143,571,572,572,0,23,54689.0,129,64,65,65,0,11,5608.0,261,130,131,131,0,13,13387.0,225,112,113,113,0,17,12005.0,1461,730,731,731,0,20,69236.0,1121,560,561,561,0,18,53392.0,2079,1039,1040,1040,0,22,104470.0,393,196,197,197,0,15,18479.0
60600,2005,1002,1003,1003,0,22,98245.0,965,482,483,483,0,18,45686.0,1039,519,520,520,0,20,49060.0,1323,661,662,662,0,19,63101.0,1469,734,735,735,0,20,69864.0,361,180,181,181,0,16,17154.0,1265,632,633,633,0,23,58764.0,629,314,315,315,0,18,29164.0,729,364,365,365,0,18,35426.0,291,145,146,146,0,17,13992.0,673,336,337,337,0,17,31410.0,93,46,47,47,0,13,3916.0,1165,582,583,583,0,23,55267.0,141,70,71,71,0,12,6211.0,277,138,139,139,0,14,13942.0,237,118,119,119,0,18,12628.0,1473,736,737,737,0,20,69890.0,1129,564,565,565,0,18,53961.0,2089,1044,1045,1045,0,22,105055.0,409,204,205,205,0,15,19107.0
60700,2019,1009,1010,1010,0,23,98816.0,983,491,492,492,0,18,46296.0,1055,527,528,528,0,20,49692.0,1341,670,671,671,0,19,63727.0,1479,739,740,740,0,20,70464.0,367,183,184,184,0,16,17754.0,1283,641,642,642,0,23,59369.0,643,321,322,322,0,18,29749.0,741,370,371,371,0,18,36030.0,303,151,152,152,0,17,14597.0,683,341,342,342,0,17,32015.0,93,46,47,47,0,13,4454.0,1185,592,593,593,0,23,55873.0,151,75,76,76,0,12,6818.0,283,141,142,142,0,14,14521.0,245,122,123,123,0,18,13270.0,1473,736,737,737,0,20,70451.0,1135,567,568,568,0,18,54577.0,2111,1055,1056,1056,0,22,105693.0,419,209,210,210,0,15,19715.0
60800,2043,1021,1022,1022,0,23,99378.0,999,499,500,500,0,18,46852.0,1065,532,533,533,0,20,50294.0,1363,681,682,682,0,19,64354.0,1491,745,746,746,0,20,71070.0,389,194,195,195,0,16,18349.0,1299,649,650,650,0,23,59951.0,653,326,327,327,0,18,30345.0,763,381,382,382,0,18,36629.0,319,159,160,160,0,17,15236.0,699,349,350,350,0,17,32599.0,103,51,52,52,0,13,5066.0,1199,599,600,600,0,23,56468.0,163,81,82,82,0,12,7392.0,299,149,150,150,0,14,15069.0,263,131,132,132,0,18,13881.0,1481,740,741,741,0,20,71037.0,1149,574,575,575,0,18,55238.0,2129,1064,1065,1065,0,22,106315.0,425,212,213,213,0,15,20304.0
60900,2049,1024,1025,1025,0,23,99971.0,1019,509,510,510,0,18,47444.0,1075,537,538,538,0,20,50911.0,1371,685,686,686,0,19,64917.0,1499,749,750,750,0,20,71686.0,391,195,196,196,0,16,18970.0,1307,653,654,654,0,23,60546.0,661,330,331,331,0,18,30941.0,781,390,391,391,0,18,37261.0,331,165,166,166,0,17,15843.0,709,354,355,355,0,17,33222.0,111,55,56,56,0,14,5639.0,1219,609,610,610,0,23,57053.0,171,85,86,86,0,12,7959.0,311,155,156,156,0,14,15726.0,277,138,139,139,0,18,14521.0,1491,745,746,746,0,20,71628.0,1159,579,580,580,0,18,55801.0,2137,1068,1069,1069,0,22,106925.0,443,221,222,222,0,15,20947.0
61000,2059,1029,1030,1030,0,23,100584.0,1021,510,511,511,0,18,48015.0,1091,545,546,546,0,20,51490.0,1385,692,693,693,0,19,65540.0,1515,757,758,758,0,20,72317.0,405,202,203,203,0,16,19558.0,1321,660,661,661,0,23,61150.0,673,336,337,337,0,18,31530.0,789,394,395,395,0,18,37869.0,343,171,172,172,0,18,16469.0,717,358,359,359,0,17,33805.0,133,66,67,67,0,14,6231.0,1229,614,615,615,0,23,57632.0,189,94,95,95,0,13,8562.0,327,163,164,164,0,14,16324.0,289,144,145,145,0,18,15153.0,1505,752,753,753,0,20,72218.0,1163,581,582,582,0,18,56395.0,2149,1074,1075,1075,0,22,107536.0,461,230,231,231,0,15,21555.0
61100,2073,1036,1037,1037,0,23,101187.0,1039,519,520,520,0,18,48621.0,1105,552,553,553,0,20,52160.0,1395,697,698,698,0,19,66147.0,1525,762,763,763,0,20,72924.0,427,213,214,214,0,16,20188.0,1337,668,669,669,0,23,61771.0,689,344,345,345,0,18,32128.0,801,400,401,401,0,18,38467.0,349,174,175,175,0,18,17070.0,727,363,364,364,0,17,34405.0,147,73,74,74,0,14,6776.0,95,47,48,48,0,11,3991.0,201,100,101,101,0,13,9167.0,333,166,167,167,0,14,16888.0,305,152,153,153,0,19,15735.0,1519,759,760,760,0,21,72865.0,1175,587,588,588,0,18,56992.0,2153,1076,1077,1077,0,22,108120.0,165,82,83,83,0,12,8065.0
61200,2079,1039,1040,1040,0,23,101753.0,1049,524,525,525,0,18,49170.0,1127,563,564,564,0,20,52767.0,1401,700,701,701,0,19,66755.0,1537,768,769,769,0,20,73540.0,435,217,218,218,0,16,20787.0,1351,675,676,676,0,23,62410.0,693,346,347,347,0,18,32718.0,807,403,404,404,0,18,39048.0,365,182,183,183,0,18,17689.0,745,372,373,373,0,17,34995.0,161,80,81,81,0,14,7350.0,103,51,52,52,0,11,4613.0,219,109,110,110,0,14,9754.0,351,175,176,176,0,15,17526.0,317,158,159,159,0,19,16331.0,1527,763,764,764,0,21,73453.0,1187,593,594,594,0,18,57582.0,2171,1085,1086,1086,0,22,108696.0,173,86,87,87,0,12,8654.0
61300,229,114,115,115,0,14,10492.0,41,20,21,21,0,7,1852.0,1139,569,570,570,0,20,53340.0,1407,703,704,704,0,19,67316.0,1557,778,779,779,0,20,74198.0,451,225,226,226,0,16,21428.0,1363,681,682,682,0,23,62979.0,707,353,354,354,0,18,33300.0,825,412,413,413,0,18,39687.0,369,184,185,185,0,18,18286.0,755,377,378,378,0,17,35589.0,171,85,86,86,0,14,7973.0,113,56,57,57,0,11,5217.0,229,114,115,115,0,14,10313.0,367,183,184,184,0,15,18091.0,327,163,164,164,0,19,16971.0,1545,772,773,773,0,21,74085.0,1203,601,602,602,0,19,58175.0,2181,1090,1091,1091,0,22,109281.0,187,93,94,94,0,13,9275.0
61400,243,121,122,122,0,14,11055.0,55,27,28,28,0,8,2467.0,1145,572,573,573,0,20,53970.0,1419,709,710,710,0,19,67943.0,1567,783,784,784,0,20,74763.0,457,228,229,229,0,16,22047.0,1367,683,684,684,0,23,63562.0,721,360,361,361,0,18,33911.0,835,417,418,418,0,18,40259.0,383,191,192,192,0,19,18876.0,761,380,381,381,0,17,36180.0,181,90,91,91,0,15,8545.0,125,62,63,63,0,12,5826.0,243,121,122,122,0,14,10926.0,377,188,189,189,0,15,18747.0,333,166,167,167,0,19,17584.0,1557,778,779,779,0,21,74672.0,1213,606,607,607,0,19,58720.0,2199,1099,1100,1100,0,22,109893.0,195,97,98,98,0,13,9890.0
61500,251,125,126,126,0,14,11650.0,67,33,34,34,0,9,3045.0,1159,579,580,580,0,20,54573.0,1425,712,713,713,0,19,68527.0,1577,788,789,789,0,20,75390.0,467,233,234,234,0,16,22640.0,1375,687,688,688,0,23,64183.0,729,364,365,365,0,18,34473.0,845,422,423,423,0,18,40934.0,399,199,200,200,0,19,19486.0,777,388,389,389,0,17,36838.0,197,98,99,99,0,15,9122.0,135,67,68,68,0,12,6415.0,257,128,129,129,0,14,11554.0,383,191,192,192,0,15,19338.0,345,172,173,173,0,19,18188.0,1567,783,784,784,0,21,75272.0,1233,616,617,617,0,19,59327.0,2203,1101,1102,1102,0,22,110471.0,213,106,107,107,0,13,10517.0
61600,259,129,130,130,0,15,12238.0,73,36,37,37,0,9,3642.0,1173,586,587,587,0,21,55193.0,1431,715,716,716,0,19,69089.0,1589,794,795,795,0,20,75956.0,481,240,241,241,0,16,23210.0,1387,693,694,694,0,23,64801.0,739,369,370,370,0,18,35028.0,851,425,426,426,0,18,41547.0,413,206,207,207,0,19,20131.0,783,391,392,392,0,17,37433.0,207,103,104,104,0,15,9709.0,145,72,73,73,0,12,7017.0,267,133,134,134,0,15,12144.0,385,192,193,193,0,15,19929.0,351,175,176,176,0,19,18807.0,1583,791,792,792,0,21,75869.0,1243,621,622,622,0,19,59958.0,2217,1108,1109,1109,0,22,111087.0,223,111,112,112,0,13,11112.0
61700,279,139,140,140,0,15,12861.0,89,44,45,45,0,10,4254.0,1179,589,590,590,0,21,55734.0,1451,725,726,726,0,19,69690.0,1601,800,801,801,0,20,76544.0,491,245,246,246,0,16,23808.0,1395,697,698,698,0,23,65434.0,755,377,378,378,0,18,35685.0,869,434,435,435,0,18,42148.0,437,218,219,219,0,19,20748.0,795,397,398,398,0,17,38026.0,227,113,114,114,0,15,10266.0,163,81,82,82,0,13,7635.0,279,139,140,140,0,15,12764.0,403,201,202,202,0,15,20548.0,365,182,183,183,0,19,19454.0,1591,795,796,796,0,21,76442.0,1245,622,623,623,0,19,60573.0,2229,1114,1115,1115,0,22,111675.0,233,116,117,117,0,13,11681.0
61800,293,146,147,147,0,15,13456.0,99,49,50,50,0,11,4820.0,1193,596,597,597,0,21,56375.0,1467,733,734,734,0,20,70305.0,1617,808,809,809,0,20,77171.0,503,251,252,252,0,17,24421.0,1407,703,704,704,0,23,65980.0,773,386,387,387,0,19,36313.0,873,436,437,437,0,18,42683.0,459,229,230,230,0,19,21375.0,813,406,407,407,0,18,38629.0,237,118,119,119,0,15,10819.0,179,89,90,90,0,13,8210.0,291,145,146,146,0,15,13335.0,429,214,215,215,0,16,21155.0,373,186,187,187,0,20,20069.0,1593,796,797,797,0,21,77049.0,1251,625,626,626,0,19,61168.0,2241,1120,1121,1121,0,22,112238.0,249,124,125,125,0,14,12332.0
61900,299,149,150,150,0,15,14039.0,111,55,56,56,0,11,5366.0,1215,607,608,608,0,21,56985.0,1483,741,742,742,0,20,70872.0,1625,812,813,813,0,20,77715.0,509,254,255,255,0,17,24961.0,1423,711,712,712,0,24,66574.0,783,391,392,392,0,19,36927.0,885,442,443,443,0,18,43295.0,469,234,235,235,0,19,21987.0,823,411,412,412,0,18,39225.0,253,126,127,127,0,15,11435.0,187,93,94,94,0,13,8810.0,303,151,152,152,0,15,13887.0,441,220,221,221,0,16,21761.0,381,190,191,191,0,20,20669.0,1599,799,800,800,0,21,77649.0,1275,637,638,638,0,19,61811.0,2251,1125,1126,1126,0,22,112850.0,255,127,128,128,0,14,12895.0
62000,309,154,155,155,0,16,14611.0,127,63,64,64,0,11,5999.0,1229,614,615,615,0,21,57569.0,1495,747,748,748,0,20,71501.0,1629,814,815,815,0,20,78333.0,531,265,266,266,0,17,25566.0,1433,716,717,717,0,24,67170.0,797,398,399,399,0,19,37501.0,901,450,451,451,0,18,43903.0,473,236,237,237,0,19,22561.0,841,420,421,421,0,18,39811.0,259,129,130,130,0,15,12037.0,195,97,98,98,0,14,9432.0,313,156,157,157,0,15,14454.0,457,228,229,229,0,16,22366.0,395,197,198,198,0,20,21302.0,1611,805,806,806,0,21,78250.0,1279,639,640,640,0,19,62405.0,2267,1133,1134,1134,0,22,113473.0,277,138,139,139,0,14,13516.0
62100,323,161,162,162,0,16,15209.0,139,69,70,70,0,11,6613.0,1237,618,619,619,0,21,58192.0,1507,753,754,754,0,20,72106.0,1647,823,824,824,0,20,78957.0,545,272,273,273,0,17,26160.0,1455,727,728,728,0,24,67765.0,811,405,406,406,0,19,38046.0,913,456,457,457,0,19,44513.0,479,239,240,240,0,19,23130.0,851,425,426,426,0,18,40407.0,277,138,139,139,0,15,12599.0,207,103,104,104,0,14,10004.0,325,162,163,163,0,15,15035.0,467,233,234,234,0,16,22997.0,415,207,208,208,0,20,21880.0,1629,814,815,815,0,21,78876.0,1291,645,646,646,0,19,62999.0,2287,1143,1144,1144,0,22,114066.0,297,148,149,149,0,14,14161.0
62200,337,168,169,169,0,16,15794.0,153,76,77,77,0,12,7231.0,1243,621,622,622,0,21,58788.0,1517,758,759,759,0,20,72707.0,1665,832,833,833,0,20,79588.0,555,277,278,278,0,17,26747.0,1461,730,731,731,0,24,68427.0,823,411,412,412,0,19,38644.0,923,461,462,462,0,19,45082.0,493,246,247,247,0,20,23714.0,865,432,433,433,0,18,41009.0,287,143,144,144,0,16,13194.0,217,108,109,109,0,14,10621.0,339,169,170,170,0,15,15651.0,481,240,241,241,0,17,23598.0,421,210,211,211,0,20,22479.0,1643,821,822,822,0,21,79496.0,1303,651,652,652,0,19,63570.0,2293,1146,1147,1147,0,22,114660.0,307,153,154,154,0,14,14767.0
62300,357,178,179,179,0,16,16408.0,165,82,83,83,0,12,7848.0,1255,627,628,628,0,21,59353.0,1527,763,764,764,0,20,73299.0,1673,836,837,837,0,20,80248.0,567,283,284,284,0,17,27350.0,1475,737,738,738,0,24,69007.0,835,417,418,418,0,19,39255.0,937,468,469,469,0,19,45676.0,507,253,254,254,0,20,24331.0,883,441,442,442,0,18,41562.0,293,146,147,147,0,16,13788.0,225,112,113,113,0,14,11200.0,353,176,177,177,0,16,16267.0,495,247,248,248,0,17,24154.0,437,218,219,219,0,20,23087.0,1661,830,831,831,0,21,80104.0,1311,655,656,656,0,19,64163.0,2301,1150,1151,1151,0,22,115286.0,317,158,159,159,0,14,15365.0
62400,369,184,185,185,0,16,17032.0,179,89,90,90,0,13,8435.0,1263,631,632,632,0,21,59942.0,1541,770,771,771,0,20,73872.0,1687,843,844,844,0,20,80830.0,573,286,287,287,0,17,27935.0,1491,745,746,746,0,24,69605.0,843,421,422,422,0,19,39875.0,945,472,473,473,0,19,46289.0,523,261,262,262,0,20,24915.0,891,445,446,446,0,18,42114.0,33,16,17,17,0,7,1490.0,243,121,122,122,0,15,11815.0,359,179,180,180,0,16,16884.0,507,253,254,254,0,17,24774.0,441,220,221,221,0,20,23672.0,1673,836,837,837,0,21,80738.0,1331,665,666,666,0,19,64791.0,2313,1156,1157,1157,0,22,115891.0,325,162,163,163,0,15,15961.0
62500,375,187,188,188,0,17,17658.0,201,100,101,101,0,13,9091.0,1271,635,636,636,0,21,60536.0,1551,775,776,776,0,20,74457.0,1695,847,848,848,0,20,81416.0,587,293,294,294,0,17,28506.0,1503,751,752,752,0,24,70209.0,855,427,428,428,0,19,40447.0,947,473,474,474,0,19,46843.0,537,268,269,269,0,20,25477.0,899,449,450,450,0,18,42718.0,45,22,23,23,0,8,2070.0,257,128,129,129,0,15,12374.0,373,186,187,187,0,16,17466.0,517,258,259,259,0,17,25374.0,449,224,225,225,0,20,24246.0,1685,842,843,843,0,21,81301.0,1343,671,672,672,0,19,65389.0,2327,1163,1164,1164,0,22,116496.0,341,170,171,171,0,15,16570.0
62600,389,194,195,195,0,17,18281.0,219,109,110,110,0,13,9705.0,1283,641,642,642,0,21,61133.0,1565,782,783,783,0,20,75053.0,1703,851,852,852,0,20,81990.0,595,297,298,298,0,17,29134.0,1515,757,758,758,0,24,70818.0,869,434,435,435,0,19,41024.0,957,478,479,479,0,19,47415.0,551,275,276,276,0,20,26072.0,913,456,457,457,0,18,43357.0,61,30,31,31,0,9,2689.0,273,136,137,137,0,15,12942.0,385,192,193,193,0,16,18022.0,529,264,265,265,0,17,25987.0,461,230,231,231,0,21,24821.0,1699,849,850,850,0,21,81898.0,1351,675,676,676,0,19,65907.0,2339,1169,1170,1170,0,22,117090.0,355,177,178,178,0,15,17218.0
62700,395,197,198,198,0,17,18846.0,231,115,116,116,0,13,10305.0,1291,645,646,646,0,21,61768.0,115,57,58,58,0,13,5042.0,1719,859,860,860,0,20,82559.0,615,307,308,308,0,17,29750.0,1537,768,769,769,0,24,71427.0,885,442,443,443,0,19,41646.0,967,483,484,484,0,19,48011.0,553,276,277,277,0,20,26713.0,925,462,463,463,0,18,43950.0,79,39,40,40,0,10,3250.0,279,139,140,140,0,15,13533.0,407,203,204,204,0,16,18656.0,539,269,270,270,0,17,26618.0,475,237,238,238,0,21,25444.0,1721,860,861,861,0,21,82452.0,1363,681,682,682,0,19,66485.0,2351,1175,1176,1176,0,23,117711.0,363,181,182,182,0,15,17822.0
62800,417,208,209,209,0,17,19454.0,247,123,124,124,0,14,10897.0,1307,653,654,654,0,21,62353.0,125,62,63,63,0,13,5611.0,1735,867,868,868,0,20,83136.0,627,313,314,314,0,17,30335.0,1555,777,778,778,0,24,72052.0,893,446,447,447,0,19,42269.0,981,490,491,491,0,19,48612.0,571,285,286,286,0,20,27334.0,939,469,470,470,0,18,44552.0,87,43,44,44,0,10,3839.0,293,146,147,147,0,15,14154.0,421,210,211,211,0,16,19241.0,555,277,278,278,0,17,27259.0,491,245,246,246,0,21,26033.0,1733,866,867,867,0,21,83086.0,1387,693,694,694,0,19,67090.0,2363,1181,1182,1182,0,23,118299.0,375,187,188,188,0,15,18447.0
62900,427,213,214,214,0,17,20056.0,251,125,126,126,0,14,11479.0,1327,663,664,664,0,21,62974.0,135,67,68,68,0,13,6220.0,1751,875,876,876,0,20,83733.0,645,322,323,323,0,17,30928.0,1571,785,786,786,0,24,72640.0,905,452,453,453,0,19,42882.0,993,496,497,497,0,19,49246.0,573,286,287,287,0,20,27922.0,949,474,475,475,0,18,45146.0,93,46,47,47,0,11,4407.0,305,152,153,153,0,15,14735.0,431,215,216,216,0,16,19842.0,567,283,284,284,0,17,27860.0,509,254,255,255,0,21,26638.0,1747,873,874,874,0,21,83676.0,1401,700,701,701,0,19,67667.0,2373,1186,1187,1187,0,23,118902.0,385,192,193,193,0,15,19007.0
63000,435,217,218,218,0,17,20674.0,267,133,134,134,0,14,12075.0,1341,670,671,671,0,21,63580.0,153,76,77,77,0,14,6777.0,1767,883,884,884,0,20,84329.0,663,331,332,332,0,17,31526.0,1585,792,793,793,0,24,73258.0,917,458,459,459,0,19,43495.0,1005,502,503,503,0,19,49864.0,581,290,291,291,0,20,28536.0,963,481,482,482,0,18,45757.0,105,52,53,53,0,11,5008.0,315,157,158,158,0,15,15301.0,437,218,219,219,0,16,20498.0,577,288,289,289,0,17,28476.0,529,264,265,265,0,21,27269.0,1759,879,880,880,0,21,84292.0,1407,703,704,704,0,19,68300.0,2387,1193,1194,1194,0,23,119500.0,397,198,199,199,0,15,19570.0
63100,443,221,222,222,0,17,21285.0,279,139,140,140,0,14,12680.0,1355,677,678,678,0,21,64151.0,163,81,82,82,0,14,7411.0,1783,891,892,892,0,20,84971.0,669,334,335,335,0,17,32079.0,1601,800,801,801,0,24,73873.0,935,467,468,468,0,19,44118.0,1025,512,513,513,0,19,50464.0,597,298,299,299,0,20,29150.0,969,484,485,485,0,18,46346.0,123,61,62,62,0,11,5623.0,327,163,164,164,0,16,15866.0,443,221,222,222,0,17,21107.0,591,295,296,296,0,17,29080.0,539,269,270,270,0,21,27907.0,1771,885,886,886,0,21,84931.0,1419,709,710,710,0,19,68898.0,2403,1201,1202,1202,0,23,120077.0,405,202,203,203,0,15,20192.0
63200,459,229,230,230,0,18,21860.0,297,148,149,149,0,15,13242.0,405,202,203,203,0,18,19334.0,183,91,92,92,0,15,8015.0,1803,901,902,902,0,21,85578.0,681,340,341,341,0,17,32685.0,1615,807,808,808,0,24,74446.0,953,476,477,477,0,19,44769.0,1035,517,518,518,0,19,51068.0,611,305,306,306,0,20,29782.0,981,490,491,491,0,18,46919.0,137,68,69,69,0,12,6216.0,341,170,171,171,0,16,16436.0,383,191,192,192,0,14,17022.0,603,301,302,302,0,17,29665.0,563,281,282,282,0,21,28506.0,1785,892,893,893,0,21,85534.0,1435,717,718,718,0,19,69469.0,2419,1209,1210,1210,0,23,120671.0,429,214,215,215,0,15,20809.0
63300,471,235,236,236,0,18,22474.0,305,152,153,153,0,15,13835.0,423,211,212,212,0,18,19917.0,195,97,98,98,0,15,8606.0,1813,906,907,907,0,21,86185.0,695,347,348,348,0,17,33290.0,1623,811,812,812,0,24,75038.0,967,483,484,484,0,19,45403.0,1045,522,523,523,0,19,51675.0,625,312,313,313,0,20,30363.0,991,495,496,496,0,18,47539.0,149,74,75,75,0,12,6843.0,359,179,180,180,0,16,17073.0,391,195,196,196,0,14,17624.0,615,307,308,308,0,17,30281.0,575,287,288,288,0,21,29134.0,1803,901,902,902,0,21,86163.0,1445,722,723,723,0,20,70087.0,2435,1217,1218,1218,0,23,121261.0,445,222,223,223,0,15,21395.0
63400,479,239,240,240,0,18,23066.0,313,156,157,157,0,16,14404.0,433,216,217,217,0,18,20491.0,205,102,103,103,0,15,9199.0,1825,912,913,913,0,21,86807.0,705,352,353,353,0,17,33878.0,1647,823,824,824,0,24,75655.0,983,491,492,492,0,19,45989.0,1061,530,531,531,0,20,52264.0,639,319,320,320,0,20,30955.0,997,498,499,499,0,18,48096.0,161,80,81,81,0,12,7436.0,379,189,190,190,0,16,17714.0,403,201,202,202,0,14,18256.0,627,313,314,314,0,17,30873.0,591,295,296,296,0,21,29703.0,1809,904,905,905,0,21,86716.0,1451,725,726,726,0,20,70691.0,2455,1227,1228,1228,0,23,121852.0,459,229,230,230,0,15,22010.0
63500,495,247,248,248,0,18,23696.0,325,162,163,163,0,16,15000.0,445,222,223,223,0,18,21094.0,217,108,109,109,0,16,9777.0,1829,914,915,915,0,21,87440.0,721,360,361,361,0,17,34451.0,1653,826,827,827,0,24,76250.0,999,499,500,500,0,20,46577.0,1075,537,538,538,0,20,52877.0,649,324,325,325,0,20,31541.0,327,163,164,164,0,17,15474.0,179,89,90,90,0,13,8030.0,387,193,194,194,0,16,18343.0,409,204,205,205,0,15,18797.0,639,319,320,320,0,17,31492.0,605,302,303,303,0,21,30285.0,627,313,314,314,0,16,30312.0,1473,736,737,737,0,20,71299.0,2465,1232,1233,1233,0,23,122446.0,469,234,235,235,0,16,22614.0
63600,505,252,253,253,0,18,24308.0,341,170,171,171,0,16,15596.0,461,230,231,231,0,19,21742.0,229,114,115,115,0,16,10406.0,1847,923,924,924,0,21,88044.0,95,47,48,48,0,14,4208.0,1667,833,834,834,0,24,76885.0,1015,507,508,508,0,20,47180.0,1093,546,547,547,0,20,53481.0,663,331,332,332,0,20,32129.0,345,172,173,173,0,17,16082.0,193,96,97,97,0,13,8630.0,397,198,199,199,0,16,18957.0,425,212,213,213,0,15,19415.0,647,323,324,324,0,17,32053.0,623,311,312,312,0,22,30868.0,647,323,324,324,0,16,30888.0,1481,740,741,741,0,20,71888.0,2471,1235,1236,1236,0,23,123065.0,473,236,237,237,0,16,23214.0
63700,523,261,262,262,0,19,24937.0,353,176,177,177,0,16,16237.0,479,239,240,240,0,19,22352.0,245,122,123,123,0,16,11000.0,1859,929,930,930,0,21,88629.0,103,51,52,52,0,15,4845.0,1683,841,842,842,0,24,77491.0,1027,513,514,514,0,20,47775.0,1105,552,553,553,0,20,54066.0,675,337,338,338,0,20,32700.0,353,176,177,177,0,17,16690.0,207,103,104,104,0,13,9254.0,425,212,213,213,0,16,19573.0,433,216,217,217,0,15,20006.0,655,327,328,328,0,17,32620.0,633,316,317,317,0,22,31449.0,657,328,329,329,0,16,31488.0,1487,743,744,744,0,20,72486.0,2487,1243,1244,1244,0,23,123657.0,479,239,240,240,0,16,23769.0
63800,531,265,266,266,0,19,25556.0,49,24,25,25,0,9,2351.0,495,247,248,248,0,19,22910.0,259,129,130,130,0,17,11601.0,1865,932,933,933,0,21,89233.0,111,55,56,56,0,15,5433.0,1703,851,852,852,0,24,78126.0,1041,520,521,521,0,20,48387.0,1109,554,555,555,0,20,54635.0,695,347,348,348,0,20,33302.0,365,182,183,183,0,18,17327.0,221,110,111,111,0,13,9831.0,429,214,215,215,0,16,20154.0,449,224,225,225,0,15,20582.0,667,333,334,334,0,17,33229.0,647,323,324,324,0,22,32031.0,667,333,334,334,0,16,32086.0,1501,750,751,751,0,20,73118.0,2501,1250,1251,1251,0,23,124222.0,495,247,248,248,0,16,24371.0
63900,545,272,273,273,0,19,26145.0,63,31,32,32,0,9,2971.0,507,253,254,254,0,19,23484.0,265,132,133,133,0,17,12238.0,1881,940,941,941,0,21,89832.0,125,62,63,63,0,16,6073.0,1713,856,857,857,0,24,78706.0,1053,526,527,527,0,20,48991.0,1121,560,561,561,0,20,55269.0,705,352,353,353,0,20,33921.0,377,188,189,189,0,18,17929.0,229,114,115,115,0,13,10382.0,437,218,219,219,0,16,20787.0,465,232,233,233,0,16,21240.0,679,339,340,340,0,17,33843.0,659,329,330,330,0,22,32647.0,687,343,344,344,0,16,32659.0,1515,757,758,758,0,20,73712.0,2519,1259,1260,1260,0,23,124845.0,503,251,252,252,0,16,24987.0
64000,563,281,282,282,0,19,26790.0,75,37,38,38,0,10,3530.0,517,258,259,259,0,19,24091.0,287,143,144,144,0,17,12825.0,1889,944,945,945,0,21,90439.0,133,66,67,67,0,16,6700.0,1727,863,864,864,0,24,79303.0,1057,528,529,529,0,20,49601.0,1129,564,565,565,0,20,55848.0,717,358,359,359,0,21,34537.0,387,193,194,194,0,18,18524.0,241,120,121,121,0,13,11000.0,443,221,222,222,0,16,21382.0,475,237,238,238,0,16,21775.0,689,344,345,345,0,17,34403.0,679,339,340,340,0,22,33252.0,697,348,349,349,0,16,33261.0,1531,765,766,766,0,20,74304.0,2533,1266,1267,1267,0,23,125449.0,513,256,257,257,0,16,25537.0
64100,577,288,289,289,0,19,27421.0,85,42,43,43,0,11,4102.0,529,264,265,265,0,19,24696.0,291,145,146,146,0,17,13417.0,1899,949,950,950,0,21,90981.0,147,73,74,74,0,16,7291.0,1747,873,874,874,0,24,79925.0,1075,537,538,538,0,20,50187.0,1149,574,575,575,0,20,56460.0,727,363,364,364,0,21,35149.0,397,198,199,199,0,18,19085.0,253,126,127,127,0,13,11533.0,471,235,236,236,0,16,21964.0,487,243,244,244,0,16,22399.0,707,353,354,354,0,17,35003.0,695,347,348,348,0,22,33854.0,707,353,354,354,0,16,33829.0,1549,774,775,775,0,20,74931.0,2541,1270,1271,1271,0,23,126069.0,527,263,264,264,0,16,26175.0
64200,595,297,298,298,0,19,28015.0,103,51,52,52,0,11,4699.0,537,268,269,269,0,19,25302.0,293,146,147,147,0,17,13992.0,1909,954,955,955,0,21,91598.0,159,79,80,80,0,16,7882.0,1761,880,881,881,0,25,80539.0,1087,543,544,544,0,20,50780.0,1155,577,578,578,0,20,57057.0,735,367,368,368,0,21,35761.0,407,203,204,204,0,18,19684.0,267,133,134,134,0,14,12158.0,483,241,242,242,0,16,22535.0,499,249,250,250,0,16,23030.0,723,361,362,362,0,18,35624.0,701,350,351,351,0,22,34426.0,715,357,358,358,0,16,34485.0,1555,777,778,778,0,20,75517.0,2547,1273,1274,1274,0,23,126703.0,531,265,266,266,0,16,26745.0
64300,609,304,305,305,0,19,28578.0,113,56,57,57,0,11,5300.0,545,272,273,273,0,19,25901.0,309,154,155,155,0,18,14558.0,1925,962,963,963,0,21,92237.0,173,86,87,87,0,16,8491.0,1775,887,888,888,0,25,81160.0,1095,547,548,548,0,20,51359.0,1165,582,583,583,0,20,57650.0,741,370,371,371,0,21,36375.0,413,206,207,207,0,18,20242.0,281,140,141,141,0,14,12734.0,501,250,251,251,0,16,23157.0,515,257,258,258,0,16,23619.0,727,363,364,364,0,18,36211.0,711,355,356,356,0,22,34991.0,739,369,370,370,0,17,35047.0,1571,785,786,786,0,20,76096.0,2559,1279,1280,1280,0,23,127277.0,539,269,270,270,0,16,27379.0
64400,623,311,312,312,0,19,29181.0,123,61,62,62,0,12,5864.0,569,284,285,285,0,19,26552.0,315,157,158,158,0,18,15102.0,1933,966,967,967,0,21,92836.0,191,95,96,96,0,16,9111.0,1785,892,893,893,0,25,81775.0,1101,550,551,551,0,20,51964.0,1181,590,591,591,0,20,58292.0,75,37,38,38,0,12,3965.0,429,214,215,215,0,18,20855.0,295,147,148,148,0,14,13350.0,507,253,254,254,0,17,23742.0,525,262,263,263,0,16,24197.0,739,369,370,370,0,18,36794.0,721,360,361,361,0,22,35573.0,757,378,379,379,0,17,35615.0,1581,790,791,791,0,20,76695.0,2571,1285,1286,1286,0,23,127870.0,553,276,277,277,0,16,27982.0
64500,637,318,319,319,0,19,29759.0,133,66,67,67,0,12,6450.0,583,291,292,292,0,20,27154.0,323,161,162,162,0,18,15698.0,1947,973,974,974,0,21,93409.0,209,104,105,105,0,16,9707.0,1797,898,899,899,0,25,82410.0,1113,556,557,557,0,20,52560.0,1197,598,599,599,0,20,58920.0,87,43,44,44,0,12,4562.0,435,217,218,218,0,18,21456.0,305,152,153,153,0,14,13954.0,515,257,258,258,0,17,24340.0,533,266,267,267,0,16,24782.0,759,379,380,380,0,18,37386.0,731,365,366,366,0,22,36176.0,763,381,382,382,0,17,36172.0,1591,795,796,796,0,20,77283.0,2583,1291,1292,1292,0,23,128461.0,563,281,282,282,0,16,28580.0
64600,651,325,326,326,0,19,30405.0,149,74,75,75,0,12,7074.0,595,297,298,298,0,20,27766.0,353,176,177,177,0,18,16334.0,1965,982,983,983,0,21,94012.0,221,110,111,111,0,17,10317.0,1809,904,905,905,0,25,83012.0,1127,563,564,564,0,21,53162.0,1209,604,605,605,0,20,59521.0,91,45,46,46,0,12,5179.0,461,230,231,231,0,19,22044.0,317,158,159,159,0,14,14567.0,529,264,265,265,0,17,24929.0,547,273,274,274,0,16,25363.0,775,387,388,388,0,18,38010.0,745,372,373,373,0,22,36781.0,775,387,388,388,0,17,36779.0,1611,805,806,806,0,20,77928.0,2595,1297,1298,1298,0,23,129086.0,571,285,286,286,0,16,29165.0
64700,661,330,331,331,0,19,30940.0,167,83,84,84,0,12,7687.0,609,304,305,305,0,20,28339.0,363,181,182,182,0,18,16964.0,1975,987,988,988,0,21,94552.0,229,114,115,115,0,17,10946.0,1813,906,907,907,0,25,83640.0,1145,572,573,573,0,21,53726.0,1215,607,608,608,0,20,60123.0,99,49,50,50,0,13,5806.0,469,234,235,235,0,19,22622.0,327,163,164,164,0,15,15156.0,539,269,270,270,0,17,25533.0,559,279,280,280,0,16,25955.0,781,390,391,391,0,18,38585.0,755,377,378,378,0,22,37434.0,793,396,397,397,0,17,37374.0,1639,819,820,820,0,20,78488.0,2607,1303,1304,1304,0,23,129713.0,579,289,290,290,0,16,29732.0
64800,665,332,333,333,0,19,31542.0,175,87,88,88,0,13,8265.0,623,311,312,312,0,20,28926.0,381,190,191,191,0,18,17509.0,1989,994,995,995,0,21,95137.0,243,121,122,122,0,17,11561.0,1825,912,913,913,0,25,84283.0,1155,577,578,578,0,21,54320.0,1231,615,616,616,0,20,60694.0,121,60,61,61,0,13,6387.0,483,241,242,242,0,19,23228.0,341,170,171,171,0,15,15718.0,545,272,273,273,0,17,26143.0,571,285,286,286,0,16,26540.0,793,396,397,397,0,18,39210.0,771,385,386,386,0,22,38038.0,807,403,404,404,0,17,37985.0,1655,827,828,828,0,20,79083.0,2611,1305,1306,1306,0,23,130302.0,587,293,294,294,0,16,30361.0
64900,671,335,336,336,0,19,32153.0,187,93,94,94,0,13,8842.0,625,312,313,313,0,20,29494.0,391,195,196,196,0,18,18118.0,2005,1002,1003,1003,0,21,95753.0,251,125,126,126,0,18,12096.0,1833,916,917,917,0,25,84869.0,1171,585,586,586,0,21,54885.0,1255,627,628,628,0,20,61321.0,135,67,68,68,0,13,6972.0,501,250,251,251,0,19,23844.0,355,177,178,178,0,15,16328.0,557,278,279,279,0,17,26714.0,593,296,297,297,0,16,27141.0,803,401,402,402,0,18,39834.0,779,389,390,390,0,22,38697.0,821,410,411,411,0,17,38589.0,1667,833,834,834,0,20,79686.0,2623,1311,1312,1312,0,23,130927.0,599,299,300,300,0,17,30939.0
65000,685,342,343,343,0,19,32781.0,199,99,100,100,0,13,9510.0,641,320,321,321,0,20,30092.0,397,198,199,199,0,18,18693.0,2009,1004,1005,1005,0,21,96306.0,263,131,132,132,0,18,12670.0,1849,924,925,925,0,25,85453.0,1185,592,593,593,0,21,55480.0,1265,632,633,633,0,21,61952.0,155,77,78,78,0,14,7573.0,513,256,257,257,0,19,24470.0,359,179,180,180,0,15,16926.0,573,286,287,287,0,17,27329.0,601,300,301,301,0,17,27703.0,811,405,406,406,0,18,40435.0,795,397,398,398,0,22,39305.0,827,413,414,414,0,17,39194.0,1679,839,840,840,0,21,80268.0,2633,1316,1317,1317,0,23,131561.0,617,308,309,309,0,17,31588.0
65100,711,355,356,356,0,20,33420.0,221,110,111,111,0,13,10098.0,651,325,326,326,0,20,30687.0,417,208,209,209,0,19,19301.0,2023,1011,1012,1012,0,21,96934.0,285,142,143,143,0,18,13252.0,1855,927,928,928,0,25,86061.0,1193,596,597,597,0,21,56063.0,1285,642,643,643,0,21,62536.0,167,83,84,84,0,14,8146.0,525,262,263,263,0,19,25050.0,365,182,183,183,0,15,17529.0,595,297,298,298,0,18,27936.0,623,311,312,312,0,17,28332.0,825,412,413,413,0,18,41047.0,807,403,404,404,0,22,39912.0,835,417,418,418,0,17,39833.0,1691,845,846,846,0,21,80862.0,2643,1321,1322,1322,0,23,132157.0,623,311,312,312,0,17,32158.0
65200,719,359,360,360,0,20,34000.0,229,114,115,115,0,14,10727.0,665,332,333,333,0,20,31272.0,435,217,218,218,0,19,19870.0,2033,1016,1017,1017,0,21,97558.0,303,151,152,152,0,19,13862.0,1865,932,933,933,0,25,86683.0,1205,602,603,603,0,21,56647.0,1295,647,648,648,0,21,63129.0,185,92,93,93,0,14,8739.0,541,270,271,271,0,19,25634.0,383,191,192,192,0,16,18083.0,605,302,303,303,0,18,28520.0,633,316,317,317,0,17,28937.0,837,418,419,419,0,18,41688.0,821,410,411,411,0,22,40505.0,847,423,424,424,0,17,40473.0,1711,855,856,856,0,21,81450.0,2653,1326,1327,1327,0,23,132713.0,645,322,323,323,0,17,32781.0
65300,741,370,371,371,0,20,34612.0,253,126,127,127,0,14,11380.0,675,337,338,338,0,20,31872.0,445,222,223,223,0,19,20451.0,2057,1028,1029,1029,0,21,98153.0,313,156,157,157,0,19,14429.0,1875,937,938,938,0,25,87307.0,1225,612,613,613,0,21,57226.0,1305,652,653,653,0,21,63722.0,201,100,101,101,0,14,9335.0,551,275,276,276,0,19,26227.0,397,198,199,199,0,16,18662.0,619,309,310,310,0,18,29116.0,649,324,325,325,0,17,29502.0,849,424,425,425,0,18,42300.0,831,415,416,416,0,22,41095.0,853,426,427,427,0,17,41122.0,1725,862,863,863,0,21,82073.0,2665,1332,1333,1333,0,23,133330.0,657,328,329,329,0,17,33381.0
65400,759,379,380,380,0,20,35201.0,267,133,134,134,0,14,12011.0,695,347,348,348,0,20,32467.0,453,226,227,227,0,19,21045.0,2067,1033,1034,1034,0,21,98751.0,327,163,164,164,0,19,15038.0,1891,945,946,946,0,25,87902.0,1247,623,624,624,0,21,57805.0,1313,656,657,657,0,21,64323.0,211,105,106,106,0,14,9938.0,563,281,282,282,0,19,26849.0,413,206,207,207,0,16,19290.0,631,315,316,316,0,18,29761.0,663,331,332,332,0,17,30045.0,863,431,432,432,0,18,42907.0,843,421,422,422,0,22,41674.0,855,427,428,428,0,17,41747.0,1743,871,872,872,0,21,82703.0,2679,1339,1340,1340,0,23,133931.0,677,338,339,339,0,17,33985.0
65500,767,383,384,384,0,20,35780.0,281,140,141,141,0,15,12645.0,707,353,354,354,0,20,33074.0,467,233,234,234,0,19,21692.0,2073,1036,1037,1037,0,21,99342.0,337,168,169,169,0,20,15666.0,1903,951,952,952,0,25,88468.0,1,0,1,1,0,1,32.0,1323,661,662,662,0,21,64899.0,221,110,111,111,0,15,10527.0,573,286,287,287,0,19,27460.0,425,212,213,213,0,16,19929.0,277,138,139,139,0,14,13458.0,677,338,339,339,0,17,30665.0,871,435,436,436,0,18,43526.0,851,425,426,426,0,22,42254.0,859,429,430,430,0,17,42357.0,1765,882,883,883,0,21,83299.0,2685,1342,1343,1343,0,23,134528.0,687,343,344,344,0,17,34596.0
65600,779,389,390,390,0,20,36358.0,291,145,146,146,0,15,13230.0,727,363,364,364,0,20,33657.0,481,240,241,241,0,19,22310.0,2087,1043,1044,1044,0,21,99899.0,359,179,180,180,0,20,16246.0,1921,960,961,961,0,25,89045.0,17,8,9,9,0,6,674.0,1337,668,669,669,0,21,65499.0,239,119,120,120,0,15,11113.0,587,293,294,294,0,20,28056.0,433,216,217,217,0,16,20526.0,289,144,145,145,0,14,14063.0,691,345,346,346,0,17,31244.0,885,442,443,443,0,18,44102.0,863,431,432,432,0,23,42875.0,869,434,435,435,0,17,42963.0,1773,886,887,887,0,21,83862.0,2699,1349,1350,1350,0,23,135166.0,701,350,351,351,0,17,35189.0
65700,791,395,396,396,0,20,36958.0,297,148,149,149,0,15,13801.0,731,365,366,366,0,20,34249.0,491,245,246,246,0,19,22895.0,2113,1056,1057,1057,0,21,100473.0,367,183,184,184,0,20,16803.0,1931,965,966,966,0,25,89621.0,33,16,17,17,0,8,1279.0,1347,673,674,674,0,21,66091.0,253,126,127,127,0,15,11677.0,599,299,300,300,0,20,28634.0,451,225,226,226,0,16,21119.0,293,146,147,147,0,14,14642.0,699,349,350,350,0,17,31838.0,895,447,448,448,0,18,44730.0,877,438,439,439,0,23,43441.0,877,438,439,439,0,17,43550.0,1777,888,889,889,0,21,84476.0,2713,1356,1357,1357,0,23,135786.0,713,356,357,357,0,18,35793.0
65800,803,401,402,402,0,20,37540.0,319,159,160,160,0,15,14398.0,751,375,376,376,0,20,34876.0,509,254,255,255,0,19,23512.0,2123,1061,1062,1062,0,21,101109.0,375,187,188,188,0,20,17401.0,1941,970,971,971,0,25,90204.0,41,20,21,21,0,9,1891.0,1355,677,678,678,0,21,66670.0,261,130,131,131,0,15,12272.0,615,307,308,308,0,20,29235.0,463,231,232,232,0,17,21744.0,307,153,154,154,0,14,15231.0,713,356,357,357,0,17,32437.0,913,456,457,457,0,18,45337.0,887,443,444,444,0,23,44036.0,895,447,448,448,0,17,44146.0,1789,894,895,895,0,21,85052.0,2727,1363,1364,1364,0,23,136415.0,717,358,359,359,0,18,36381.0
65900,817,408,409,409,0,20,38102.0,327,163,164,164,0,15,14952.0,767,383,384,384,0,20,35481.0,517,258,259,259,0,19,24081.0,2141,1070,1071,1071,0,21,101725.0,389,194,195,195,0,21,18023.0,1951,975,976,976,0,25,90805.0,51,25,26,26,0,10,2489.0,1367,683,684,684,0,21,67250.0,273,136,137,137,0,15,12906.0,625,312,313,313,0,20,29853.0,467,233,234,234,0,17,22337.0,323,161,162,162,0,14,15829.0,725,362,363,363,0,17,33040.0,925,462,463,463,0,18,45980.0,897,448,449,449,0,23,44625.0,921,460,461,461,0,17,44751.0,1801,900,901,901,0,21,85668.0,2741,1370,1371,1371,0,23,137020.0,729,364,365,365,0,18,37022.0
66000,829,414,415,415,0,20,38724.0,339,169,170,170,0,16,15575.0,779,389,390,390,0,20,36121.0,529,264,265,265,0,19,24652.0,2159,1079,1080,1080,0,21,102329.0,395,197,198,198,0,21,18605.0,1969,984,985,985,0,25,91399.0,59,29,30,30,0,11,3108.0,1377,688,689,689,0,21,67837.0,281,140,141,141,0,15,13488.0,637,318,319,319,0,20,30434.0,495,247,248,248,0,17,23004.0,339,169,170,170,0,14,16456.0,739,369,370,370,0,17,33663.0,943,471,472,472,0,18,46593.0,907,453,454,454,0,23,45255.0,941,470,471,471,0,17,45338.0,1809,904,905,905,0,21,86280.0,2755,1377,1378,1378,0,23,137643.0,737,368,369,369,0,18,37607.0
66100,835,417,418,418,0,20,39359.0,353,176,177,177,0,16,16180.0,793,396,397,397,0,20,36750.0,533,266,267,267,0,19,25263.0,2171,1085,1086,1086,0,21,102929.0,409,204,205,205,0,21,19229.0,1983,991,992,992,0,25,92001.0,69,34,35,35,0,12,3692.0,1395,697,698,698,0,21,68435.0,297,148,149,149,0,16,14134.0,655,327,328,328,0,20,31046.0,507,253,254,254,0,17,23580.0,353,176,177,177,0,14,17062.0,765,382,383,383,0,17,34292.0,957,478,479,479,0,18,47158.0,929,464,465,465,0,23,45888.0,953,476,477,477,0,17,45925.0,307,153,154,154,0,14,14069.0,2769,1384,1385,1385,0,23,138237.0,765,382,383,383,0,18,38226.0
66200,843,421,422,422,0,20,39952.0,365,182,183,183,0,16,16756.0,807,403,404,404,0,20,37381.0,543,271,272,272,0,19,25869.0,2183,1091,1092,1092,0,21,103535.0,423,211,212,212,0,21,19792.0,1997,998,999,999,0,25,92588.0,83,41,42,42,0,12,4277.0,1417,708,709,709,0,21,69054.0,309,154,155,155,0,16,14734.0,663,331,332,332,0,20,31639.0,513,256,257,257,0,17,24132.0,363,181,182,182,0,14,17681.0,777,388,389,389,0,17,34908.0,975,487,488,488,0,18,47779.0,937,468,469,469,0,23,46481.0,959,479,480,480,0,17,46524.0,317,158,159,159,0,14,14672.0,2775,1387,1388,1388,0,23,138882.0,769,384,385,385,0,18,38871.0
66300,855,427,428,428,0,20,40523.0,383,191,192,192,0,16,17372.0,817,408,409,409,0,20,37962.0,555,277,278,278,0,19,26485.0,2195,1097,1098,1098,0,21,104130.0,435,217,218,218,0,21,20407.0,2007,1003,1004,1004,0,25,93180.0,95,47,48,48,0,12,4845.0,1433,716,717,717,0,21,69655.0,315,157,158,158,0,16,15338.0,667,333,334,334,0,20,32238.0,519,259,260,260,0,17,24741.0,379,189,190,190,0,14,18278.0,789,394,395,395,0,17,35512.0,989,494,495,495,0,18,48389.0,957,478,479,479,0,23,47128.0,967,483,484,484,0,17,47154.0,333,166,167,167,0,14,15268.0,2785,1392,1393,1393,0,23,139481.0,789,394,395,395,0,18,39452.0
66400,873,436,437,437,0,21,41132.0,393,196,197,197,0,16,17968.0,841,420,421,421,0,20,38574.0,563,281,282,282,0,20,27074.0,2203,1101,1102,1102,0,21,104722.0,457,228,229,229,0,21,20975.0,2023,1011,1012,1012,0,25,93784.0,107,53,54,54,0,13,5466.0,1437,718,719,719,0,21,70231.0,335,167,168,168,0,16,15977.0,673,336,337,337,0,21,32841.0,529,264,265,265,0,17,25387.0,395,197,198,198,0,14,18883.0,793,396,397,397,0,17,36071.0,1011,505,506,506,0,18,49007.0,979,489,490,490,0,23,47763.0,987,493,494,494,0,17,47730.0,353,176,177,177,0,14,15876.0,2801,1400,1401,1401,0,23,140068.0,797,398,399,399,0,18,40036.0
66500,881,440,441,441,0,21,41763.0,413,206,207,207,0,16,18595.0,857,428,429,429,0,20,39167.0,577,288,289,289,0,20,27670.0,2217,1108,1109,1109,0,21,105321.0,469,234,235,235,0,21,21582.0,2039,1019,1020,1020,0,25,94374.0,119,59,60,60,0,13,6087.0,1445,722,723,723,0,21,70798.0,349,174,175,175,0,16,16549.0,683,341,342,342,0,21,33493.0,543,271,272,272,0,17,25995.0,409,204,205,205,0,14,19454.0,809,404,405,405,0,17,36706.0,1027,513,514,514,0,18,49617.0,991,495,496,496,0,23,48374.0,1001,500,501,501,0,17,48364.0,373,186,187,187,0,15,16453.0,2811,1405,1406,1406,0,23,140700.0,815,407,408,408,0,18,40636.0
66600,899,449,450,450,0,21,42347.0,425,212,213,213,0,16,19208.0,875,437,438,438,0,20,39740.0,595,297,298,298,0,20,28257.0,2229,1114,1115,1115,0,21,105938.0,479,239,240,240,0,21,22201.0,2055,1027,1028,1028,0,25,94962.0,135,67,68,68,0,14,6677.0,1451,725,726,726,0,21,71401.0,353,176,177,177,0,16,17162.0,695,347,348,348,0,21,34063.0,559,279,280,280,0,17,26555.0,427,213,214,214,0,15,20087.0,823,411,412,412,0,17,37289.0,1037,518,519,519,0,18,50233.0,993,496,497,497,0,23,48998.0,1019,509,510,510,0,17,48953.0,391,195,196,196,0,15,17019.0,2825,1412,1413,1413,0,24,141361.0,823,411,412,412,0,18,41236.0
66700,913,456,457,457,0,21,42985.0,435,217,218,218,0,16,19837.0,887,443,444,444,0,21,40347.0,603,301,302,302,0,20,28848.0,2245,1122,1123,1123,0,22,106518.0,483,241,242,242,0,21,22788.0,2063,1031,1032,1032,0,25,95558.0,145,72,73,73,0,15,7264.0,1465,732,733,733,0,21,71969.0,359,179,180,180,0,16,17758.0,709,354,355,355,0,21,34662.0,569,284,285,285,0,17,27144.0,445,222,223,223,0,15,20698.0,835,417,418,418,0,17,37881.0,1045,522,523,523,0,18,50840.0,1007,503,504,504,0,23,49599.0,1035,517,518,518,0,17,49591.0,407,203,204,204,0,15,17590.0,2845,1422,1423,1423,0,24,141992.0,829,414,415,415,0,18,41794.0
66800,929,464,465,465,0,21,43620.0,461,230,231,231,0,16,20439.0,897,448,449,449,0,21,40921.0,619,309,310,310,0,20,29455.0,2253,1126,1127,1127,0,22,107105.0,507,253,254,254,0,21,23382.0,2079,1039,1040,1040,0,25,96169.0,153,76,77,77,0,15,7848.0,1479,739,740,740,0,21,72558.0,375,187,188,188,0,16,18391.0,723,361,362,362,0,21,35266.0,583,291,292,292,0,17,27684.0,463,231,232,232,0,15,21275.0,853,426,427,427,0,18,38463.0,1057,528,529,529,0,18,51445.0,1019,509,510,510,0,23,50160.0,1039,519,520,520,0,17,50185.0,419,209,210,210,0,15,18220.0,2859,1429,1430,1430,0,24,142594.0,839,419,420,420,0,18,42345.0
66900,945,472,473,473,0,21,44263.0,471,235,236,236,0,16,21073.0,909,454,455,455,0,21,41511.0,635,317,318,318,0,20,30035.0,2275,1137,1138,1138,0,22,107734.0,517,258,259,259,0,21,23984.0,2093,1046,1047,1047,0,26,96836.0,169,84,85,85,0,16,8446.0,1493,746,747,747,0,21,73130.0,389,194,195,195,0,16,18970.0,731,365,366,366,0,22,35855.0,587,293,294,294,0,17,28322.0,471,235,236,236,0,15,21878.0,863,431,432,432,0,18,39068.0,1073,536,537,537,0,18,52062.0,1031,515,516,516,0,23,50727.0,1053,526,527,527,0,17,50746.0,429,214,215,215,0,15,18828.0,2865,1432,1433,1433,0,24,143184.0,857,428,429,429,0,18,42958.0
67000,953,476,477,477,0,21,44883.0,475,237,238,238,0,16,21657.0,925,462,463,463,0,21,42126.0,651,325,326,326,0,20,30626.0,2291,1145,1146,1146,0,22,108368.0,527,263,264,264,0,22,24606.0,2103,1051,1052,1052,0,26,97439.0,183,91,92,92,0,16,9062.0,1501,750,751,751,0,21,73703.0,397,198,199,199,0,16,19559.0,743,371,372,372,0,22,36429.0,601,300,301,301,0,18,28891.0,477,238,239,239,0,15,22500.0,873,436,437,437,0,18,39637.0,1081,540,541,541,0,18,52657.0,1049,524,525,525,0,23,51335.0,1065,532,533,533,0,17,51317.0,441,220,221,221,0,15,19426.0,2887,1443,1444,1444,0,24,143823.0,873,436,437,437,0,18,43583.0
67100,967,483,484,484,0,21,45483.0,489,244,245,245,0,16,22247.0,935,467,468,468,0,21,42708.0,659,329,330,330,0,21,31229.0,2307,1153,1154,1154,0,22,109037.0,543,271,272,272,0,22,25238.0,2107,1053,1054,1054,0,26,98040.0,195,97,98,98,0,16,9678.0,1513,756,757,757,0,21,74364.0,407,203,204,204,0,17,20162.0,759,379,380,380,0,22,37011.0,621,310,311,311,0,18,29498.0,495,247,248,248,0,15,23078.0,883,441,442,442,0,18,40245.0,1085,542,543,543,0,18,53299.0,1061,530,531,531,0,23,51943.0,1077,538,539,539,0,17,51921.0,451,225,226,226,0,15,20055.0,2903,1451,1452,1452,0,24,144432.0,879,439,440,440,0,18,44156.0
67200,981,490,491,491,0,21,46093.0,505,252,253,253,0,16,22822.0,947,473,474,474,0,21,43315.0,677,338,339,339,0,21,31822.0,2319,1159,1160,1160,0,22,109631.0,559,279,280,280,0,22,25852.0,2117,1058,1059,1059,0,26,98599.0,215,107,108,108,0,17,10293.0,1521,760,761,761,0,21,74918.0,423,211,212,212,0,17,20788.0,769,384,385,385,0,22,37598.0,637,318,319,319,0,18,30085.0,509,254,255,255,0,16,23650.0,893,446,447,447,0,18,40850.0,1097,548,549,549,0,18,53915.0,1077,538,539,539,0,23,52536.0,1087,543,544,544,0,17,52531.0,471,235,236,236,0,16,20671.0,2913,1456,1457,1457,0,24,145021.0,895,447,448,448,0,18,44749.0
67300,991,495,496,496,0,21,46643.0,517,258,259,259,0,16,23444.0,955,477,478,478,0,21,43938.0,687,343,344,344,0,21,32433.0,2321,1160,1161,1161,0,22,110253.0,563,281,282,282,0,22,26462.0,2125,1062,1063,1063,0,26,99172.0,31,15,16,16,0,10,1254.0,1535,767,768,768,0,21,75457.0,437,218,219,219,0,17,21361.0,783,391,392,392,0,22,38214.0,653,326,327,327,0,18,30660.0,525,262,263,263,0,16,24262.0,899,449,450,450,0,18,41444.0,1105,552,553,553,0,18,54504.0,1089,544,545,545,0,23,53166.0,1103,551,552,552,0,18,53103.0,481,240,241,241,0,16,21265.0,2925,1462,1463,1463,0,24,145620.0,905,452,453,453,0,18,45341.0
67400,999,499,500,500,0,21,47258.0,533,266,267,267,0,17,24057.0,965,482,483,483,0,21,44529.0,701,350,351,351,0,21,33026.0,2335,1167,1168,1168,0,22,110827.0,573,286,287,287,0,22,27029.0,2141,1070,1071,1071,0,26,99726.0,41,20,21,21,0,11,1851.0,1549,774,775,775,0,21,76029.0,451,225,226,226,0,17,21952.0,785,392,393,393,0,22,38816.0,661,330,331,331,0,18,31247.0,537,268,269,269,0,16,24832.0,919,459,460,460,0,18,42048.0,1113,556,557,557,0,18,55096.0,1093,546,547,547,0,23,53767.0,1113,556,557,557,0,18,53669.0,499,249,250,250,0,16,21906.0,2931,1465,1466,1466,0,24,146193.0,923,461,462,462,0,18,45933.0
67500,1011,505,506,506,0,21,47842.0,545,272,273,273,0,17,24635.0,989,494,495,495,0,21,45143.0,711,355,356,356,0,21,33591.0,2343,1171,1172,1172,0,22,111473.0,585,292,293,293,0,22,27620.0,2157,1078,1079,1079,0,26,100317.0,51,25,26,26,0,12,2411.0,1557,778,779,779,0,21,76600.0,467,233,234,234,0,17,22537.0,799,399,400,400,0,22,39411.0,677,338,339,339,0,18,31856.0,553,276,277,277,0,16,25401.0,933,466,467,467,0,18,42648.0,1121,560,561,561,0,18,55673.0,1099,549,550,550,0,23,54362.0,1125,562,563,563,0,18,54235.0,519,259,260,260,0,16,22512.0,2947,1473,1474,1474,0,24,146815.0,941,470,471,471,0,18,46520.0
67600,1025,512,513,513,0,21,48417.0,565,282,283,283,0,17,25261.0,1005,502,503,503,0,22,45765.0,717,358,359,359,0,21,34166.0,2355,1177,1178,1178,0,22,112065.0,599,299,300,300,0,22,28222.0,2161,1080,1081,1081,0,26,100937.0,71,35,36,36,0,13,3024.0,1575,787,788,788,0,21,77203.0,485,242,243,243,0,17,23110.0,815,407,408,408,0,22,40021.0,685,342,343,343,0,18,32487.0,563,281,282,282,0,16,25992.0,959,479,480,480,0,18,43246.0,1141,570,571,571,0,18,56276.0,1127,563,564,564,0,23,54974.0,1139,569,570,570,0,18,54843.0,529,264,265,265,0,16,23121.0,2957,1478,1479,1479,0,24,147430.0,955,477,478,478,0,18,47097.0
67700,1033,516,517,517,0,21,48974.0,579,289,290,290,0,17,25862.0,1023,511,512,512,0,22,46362.0,723,361,362,362,0,21,34727.0,2361,1180,1181,1181,0,22,112616.0,609,304,305,305,0,22,28831.0,2169,1084,1085,1085,0,26,101584.0,81,40,41,41,0,14,3612.0,1585,792,793,793,0,21,77860.0,489,244,245,245,0,17,23701.0,827,413,414,414,0,22,40645.0,705,352,353,353,0,18,33097.0,571,285,286,286,0,16,26592.0,969,484,485,485,0,18,43841.0,1147,573,574,574,0,18,56865.0,1135,567,568,568,0,23,55571.0,1153,576,577,577,0,18,55467.0,533,266,267,267,0,16,23693.0,2965,1482,1483,1483,0,24,147988.0,965,482,483,483,0,18,47702.0
67800,1041,520,521,521,0,21,49590.0,581,290,291,291,0,17,26421.0,1037,518,519,519,0,22,46973.0,737,368,369,369,0,21,35279.0,2377,1188,1189,1189,0,22,113176.0,621,310,311,311,0,22,29423.0,2179,1089,1090,1090,0,26,102202.0,95,47,48,48,0,14,4268.0,1595,797,798,798,0,21,78467.0,509,254,255,255,0,18,24297.0,841,420,421,421,0,22,41269.0,727,363,364,364,0,18,33712.0,581,290,291,291,0,16,27253.0,979,489,490,490,0,19,44427.0,1157,578,579,579,0,18,57437.0,1149,574,575,575,0,23,56166.0,1165,582,583,583,0,18,56077.0,547,273,274,274,0,16,24262.0,2975,1487,1488,1488,0,24,148526.0,977,488,489,489,0,18,48315.0
67900,1061,530,531,531,0,21,50202.0,587,293,294,294,0,17,27007.0,1053,526,527,527,0,22,47557.0,747,373,374,374,0,21,35877.0,2383,1191,1192,1192,0,22,113796.0,635,317,318,318,0,22,30003.0,2189,1094,1095,1095,0,26,102768.0,109,54,55,55,0,15,4864.0,1597,798,799,799,0,21,79056.0,521,260,261,261,0,18,24895.0,851,425,426,426,0,22,41872.0,741,370,371,371,0,18,34336.0,591,295,296,296,0,17,27862.0,995,497,498,498,0,19,44999.0,1171,585,586,586,0,18,58039.0,1157,578,579,579,0,23,56762.0,1181,590,591,591,0,18,56701.0,555,277,278,278,0,16,24855.0,2993,1496,1497,1497,0,24,149118.0,995,497,498,498,0,19,48913.0
68000,1079,539,540,540,0,21,50789.0,599,299,300,300,0,17,27597.0,1059,529,530,530,0,22,48131.0,761,380,381,381,0,21,36481.0,2397,1198,1199,1199,0,22,114383.0,643,321,322,322,0,22,30577.0,2197,1098,1099,1099,0,26,103310.0,121,60,61,61,0,15,5488.0,1603,801,802,802,0,21,79665.0,531,265,266,266,0,18,25484.0,871,435,436,436,0,22,42485.0,753,376,377,377,0,18,34924.0,605,302,303,303,0,17,28514.0,1001,500,501,501,0,19,45581.0,1179,589,590,590,0,19,58646.0,1173,586,587,587,0,23,57355.0,1193,596,597,597,0,18,57286.0,577,288,289,289,0,16,25477.0,3005,1502,1503,1503,0,24,149695.0,1017,508,509,509,0,19,49544.0
68100,1107,553,554,554,0,21,51402.0,605,302,303,303,0,17,28198.0,1075,537,538,538,0,22,48767.0,773,386,387,387,0,21,37087.0,2401,1200,1201,1201,0,22,114984.0,651,325,326,326,0,22,31194.0,2221,1110,1111,1111,0,26,103910.0,127,63,64,64,0,15,6045.0,1619,809,810,810,0,21,80265.0,543,271,272,272,0,18,26074.0,891,445,446,446,0,22,43122.0,769,384,385,385,0,18,35544.0,613,306,307,307,0,17,29075.0,1015,507,508,508,0,19,46209.0,1191,595,596,596,0,19,59229.0,1181,590,591,591,0,23,57944.0,1203,601,602,602,0,18,57900.0,589,294,295,295,0,17,26089.0,3021,1510,1511,1511,0,24,150319.0,1031,515,516,516,0,19,50167.0
68200,1115,557,558,558,0,21,52025.0,627,313,314,314,0,17,28765.0,1079,539,540,540,0,22,49347.0,797,398,399,399,0,21,37728.0,2413,1206,1207,1207,0,22,115575.0,667,333,334,334,0,22,31838.0,2231,1115,1116,1116,0,26,104544.0,137,68,69,69,0,15,6619.0,1633,816,817,817,0,21,80873.0,553,276,277,277,0,18,26679.0,901,450,451,451,0,22,43801.0,777,388,389,389,0,18,36154.0,621,310,311,311,0,17,29688.0,1025,512,513,513,0,19,46797.0,1213,606,607,607,0,19,59851.0,1195,597,598,598,0,23,58524.0,1219,609,610,610,0,18,58512.0,595,297,298,298,0,17,26720.0,3037,1518,1519,1519,0,24,150927.0,1047,523,524,524,0,19,50770.0
68300,1133,566,567,567,0,21,52629.0,635,317,318,318,0,17,29344.0,1093,546,547,547,0,22,49954.0,809,404,405,405,0,21,38336.0,2425,1212,1213,1213,0,22,116143.0,679,339,340,340,0,22,32420.0,2243,1121,1122,1122,0,26,105140.0,153,76,77,77,0,16,7228.0,1645,822,823,823,0,21,81486.0,561,280,281,281,0,18,27282.0,911,455,456,456,0,22,44398.0,795,397,398,398,0,18,36738.0,637,318,319,319,0,17,30289.0,1047,523,524,524,0,19,47426.0,1233,616,617,617,0,19,60474.0,1203,601,602,602,0,23,59131.0,1227,613,614,614,0,18,59057.0,603,301,302,302,0,17,27300.0,3041,1520,1521,1521,0,24,151452.0,1065,532,533,533,0,19,51417.0
68400,1141,570,571,571,0,21,53235.0,375,187,188,188,0,17,18907.0,1117,558,559,559,0,22,50560.0,817,408,409,409,0,21,38926.0,2439,1219,1220,1220,0,22,116767.0,691,345,346,346,0,22,33037.0,2253,1126,1127,1127,0,26,105733.0,167,83,84,84,0,16,7827.0,1667,833,834,834,0,21,82075.0,569,284,285,285,0,18,27905.0,921,460,461,461,0,22,45035.0,809,404,405,405,0,18,37352.0,651,325,326,326,0,17,30872.0,1063,531,532,532,0,19,48023.0,1239,619,620,620,0,19,61080.0,1215,607,608,608,0,23,59711.0,1253,626,627,627,0,18,59696.0,619,309,310,310,0,17,27921.0,3055,1527,1528,1528,0,24,152070.0,1075,537,538,538,0,19,52023.0
68500,1143,571,572,572,0,21,53828.0,389,194,195,195,0,17,19517.0,1127,563,564,564,0,22,51158.0,833,416,417,417,0,21,39538.0,2451,1225,1226,1226,0,22,117369.0,703,351,352,352,0,23,33637.0,2265,1132,1133,1133,0,26,106323.0,185,92,93,93,0,16,8373.0,1679,839,840,840,0,21,82709.0,589,294,295,295,0,18,28499.0,933,466,467,467,0,22,45658.0,821,410,411,411,0,18,37969.0,663,331,332,332,0,17,31457.0,1073,536,537,537,0,19,48599.0,1249,624,625,625,0,19,61741.0,1231,615,616,616,0,23,60295.0,1261,630,631,631,0,18,60293.0,627,313,314,314,0,17,28520.0,3059,1529,1530,1530,0,24,152719.0,1081,540,541,541,0,19,52594.0
68600,1155,577,578,578,0,21,54454.0,403,201,202,202,0,17,20111.0,1131,565,566,566,0,22,51736.0,839,419,420,420,0,21,40175.0,2471,1235,1236,1236,0,22,117979.0,713,356,357,357,0,23,34210.0,2277,1138,1139,1139,0,26,106951.0,195,97,98,98,0,16,8963.0,1693,846,847,847,0,21,83333.0,593,296,297,297,0,18,29106.0,945,472,473,473,0,22,46274.0,833,416,417,417,0,19,38589.0,667,333,334,334,0,17,31999.0,1095,547,548,548,0,19,49203.0,1259,629,630,630,0,19,62315.0,1257,628,629,629,0,23,60884.0,1277,638,639,639,0,18,60890.0,651,325,326,326,0,17,29122.0,3071,1535,1536,1536,0,24,153277.0,1097,548,549,549,0,19,53216.0
68700,1175,587,588,588,0,22,55062.0,419,209,210,210,0,17,20669.0,1155,577,578,578,0,22,52324.0,853,426,427,427,0,21,40776.0,2483,1241,1242,1242,0,22,118612.0,729,364,365,365,0,23,34848.0,2287,1143,1144,1144,0,26,107547.0,209,104,105,105,0,17,9546.0,1707,853,854,854,0,21,83949.0,605,302,303,303,0,18,29739.0,955,477,478,478,0,22,46835.0,857,428,429,429,0,19,39191.0,677,338,339,339,0,17,32635.0,1111,555,556,556,0,19,49810.0,1271,635,636,636,0,19,62923.0,1273,636,637,637,0,23,61485.0,1289,644,645,645,0,18,61533.0,661,330,331,331,0,17,29693.0,3087,1543,1544,1544,0,24,153906.0,1099,549,550,550,0,19,53816.0
68800,1197,598,599,599,0,22,55681.0,431,215,216,216,0,17,21310.0,1165,582,583,583,0,22,52918.0,857,428,429,429,0,21,41352.0,2493,1246,1247,1247,0,23,119239.0,745,372,373,373,0,23,35437.0,2295,1147,1148,1148,0,26,108159.0,221,110,111,111,0,17,10117.0,1725,862,863,863,0,22,84568.0,621,310,311,311,0,19,30341.0,975,487,488,488,0,23,47454.0,863,431,432,432,0,19,39818.0,695,347,348,348,0,17,33262.0,1125,562,563,563,0,20,50398.0,1287,643,644,644,0,19,63557.0,1287,643,644,644,0,23,62094.0,1295,647,648,648,0,18,62140.0,677,338,339,339,0,17,30292.0,3101,1550,1551,1551,0,24,154469.0,1115,557,558,558,0,19,54420.0
68900,1201,600,601,601,0,22,56266.0,439,219,220,220,0,17,21924.0,1171,585,586,586,0,22,53524.0,861,430,431,431,0,21,41900.0,2505,1252,1253,1253,0,23,119824.0,751,375,376,376,0,23,36048.0,2311,1155,1156,1156,0,26,108793.0,237,118,119,119,0,17,10714.0,1743,871,872,872,0,22,85169.0,627,313,314,314,0,19,30965.0,991,495,496,496,0,23,48054.0,877,438,439,439,0,19,40437.0,705,352,353,353,0,17,33842.0,1139,569,570,570,0,20,51011.0,1297,648,649,649,0,19,64157.0,1289,644,645,645,0,23,62647.0,1305,652,653,653,0,18,62774.0,687,343,344,344,0,17,30918.0,3109,1554,1555,1555,0,24,155074.0,1123,561,562,562,0,19,54982.0
69000,217,108,109,109,0,14,9722.0,451,225,226,226,0,17,22489.0,1179,589,590,590,0,22,54110.0,873,436,437,437,0,22,42526.0,2517,1258,1259,1259,0,23,120399.0,765,382,383,383,0,23,36659.0,2327,1163,1164,1164,0,26,109381.0,251,125,126,126,0,17,11326.0,1751,875,876,876,0,22,85813.0,637,318,319,319,0,19,31538.0,1005,502,503,503,0,23,48669.0,889,444,445,445,0,19,41041.0,729,364,365,365,0,17,34475.0,1159,579,580,580,0,20,51615.0,1303,651,652,652,0,19,64740.0,1303,651,652,652,0,23,63232.0,1315,657,658,658,0,18,63370.0,693,346,347,347,0,17,31515.0,3127,1563,1564,1564,0,24,155638.0,1135,567,568,568,0,19,55633.0
69100,229,114,115,115,0,14,10363.0,471,235,236,236,0,18,23066.0,1189,594,595,595,0,22,54747.0,891,445,446,446,0,22,43168.0,2525,1262,1263,1263,0,23,120961.0,783,391,392,392,0,23,37277.0,2335,1167,1168,1168,0,26,110012.0,261,130,131,131,0,17,11929.0,1773,886,887,887,0,22,86408.0,653,326,327,327,0,19,32118.0,1011,505,506,506,0,23,49234.0,897,448,449,449,0,19,41634.0,743,371,372,372,0,18,35066.0,1173,586,587,587,0,20,52223.0,1315,657,658,658,0,19,65330.0,1319,659,660,660,0,23,63813.0,1323,661,662,662,0,18,63987.0,707,353,354,354,0,17,32147.0,3139,1569,1570,1570,0,24,156216.0,1149,574,575,575,0,19,56210.0
69200,243,121,122,122,0,14,10975.0,481,240,241,241,0,18,23675.0,1191,595,596,596,0,22,55316.0,901,450,451,451,0,22,43739.0,2539,1269,1270,1270,0,23,121588.0,791,395,396,396,0,23,37835.0,2345,1172,1173,1173,0,27,110611.0,271,135,136,136,0,17,12563.0,1783,891,892,892,0,22,87000.0,667,333,334,334,0,19,32720.0,1023,511,512,512,0,23,49894.0,909,454,455,455,0,19,42249.0,763,381,382,382,0,18,35662.0,1189,594,595,595,0,20,52855.0,1323,661,662,662,0,19,65905.0,1335,667,668,668,0,23,64408.0,1335,667,668,668,0,19,64584.0,717,358,359,359,0,17,32743.0,3163,1581,1582,1582,0,24,156821.0,1159,579,580,580,0,19,56804.0
69300,255,127,128,128,0,14,11610.0,489,244,245,245,0,18,24299.0,1199,599,600,600,0,22,55949.0,921,460,461,461,0,22,44353.0,2555,1277,1278,1278,0,23,122175.0,805,402,403,403,0,24,38437.0,2363,1181,1182,1182,0,27,111195.0,285,142,143,143,0,17,13205.0,1795,897,898,898,0,22,87617.0,683,341,342,342,0,19,33314.0,1035,517,518,518,0,23,50485.0,919,459,460,460,0,19,42815.0,775,387,388,388,0,18,36294.0,167,83,84,84,0,14,7163.0,1341,670,671,671,0,19,66515.0,1343,671,672,672,0,23,64994.0,1339,669,670,670,0,19,65167.0,743,371,372,372,0,17,33317.0,683,341,342,342,0,16,33243.0,1169,584,585,585,0,19,57422.0
69400,259,129,130,130,0,14,12183.0,499,249,250,250,0,18,24919.0,1219,609,610,610,0,22,56526.0,935,467,468,468,0,22,44937.0,2561,1280,1281,1281,0,23,122734.0,819,409,410,410,0,24,39060.0,2373,1186,1187,1187,0,27,111777.0,309,154,155,155,0,18,13823.0,1807,903,904,904,0,22,88216.0,695,347,348,348,0,19,33922.0,1045,522,523,523,0,23,51062.0,935,467,468,468,0,19,43357.0,787,393,394,394,0,18,36882.0,179,89,90,90,0,14,7731.0,1353,676,677,677,0,19,67103.0,1357,678,679,679,0,23,65563.0,1357,678,679,679,0,19,65788.0,751,375,376,376,0,17,33916.0,699,349,350,350,0,16,33865.0,1179,589,590,590,0,19,58049.0
69500,275,137,138,138,0,15,12787.0,519,259,260,260,0,18,25511.0,1231,615,616,616,0,22,57102.0,947,473,474,474,0,22,45579.0,2573,1286,1287,1287,0,23,123326.0,827,413,414,414,0,24,39662.0,2383,1191,1192,1192,0,27,112384.0,315,157,158,158,0,18,14454.0,1817,908,909,909,0,22,88802.0,705,352,353,353,0,19,34502.0,1065,532,533,533,0,23,51664.0,949,474,475,475,0,19,43989.0,797,398,399,399,0,18,37499.0,191,95,96,96,0,14,8305.0,1359,679,680,680,0,19,67686.0,1367,683,684,684,0,23,66175.0,1371,685,686,686,0,19,66381.0,761,380,381,381,0,17,34541.0,703,351,352,352,0,16,34415.0,1199,599,600,600,0,19,58674.0
69600,289,144,145,145,0,15,13409.0,537,268,269,269,0,18,26093.0,1243,621,622,622,0,22,57695.0,957,478,479,479,0,22,46193.0,2581,1290,1291,1291,0,23,123952.0,835,417,418,418,0,24,40253.0,2389,1194,1195,1195,0,27,112978.0,323,161,162,162,0,18,14989.0,1827,913,914,914,0,22,89387.0,719,359,360,360,0,19,35130.0,1071,535,536,536,0,23,52276.0,959,479,480,480,0,19,44628.0,813,406,407,407,0,18,38077.0,199,99,100,100,0,14,8889.0,1373,686,687,687,0,19,68292.0,1377,688,689,689,0,23,66776.0,1391,695,696,696,0,19,66978.0,775,387,388,388,0,17,35111.0,715,357,358,358,0,17,35017.0,1209,604,605,605,0,19,59310.0
69700,301,150,151,151,0,15,14000.0,545,272,273,273,0,18,26672.0,1257,628,629,629,0,22,58270.0,975,487,488,488,0,22,46794.0,2593,1296,1297,1297,0,23,124618.0,847,423,424,424,0,24,40858.0,2397,1198,1199,1199,0,27,113575.0,335,167,168,168,0,18,15571.0,1837,918,919,919,0,22,89958.0,729,364,365,365,0,19,35767.0,1081,540,541,541,0,23,52808.0,971,485,486,486,0,19,45203.0,829,414,415,415,0,18,38687.0,213,106,107,107,0,14,9487.0,1395,697,698,698,0,19,68917.0,1393,696,697,697,0,23,67360.0,1401,700,701,701,0,19,67582.0,783,391,392,392,0,17,35728.0,723,361,362,362,0,17,35614.0,1219,609,610,610,0,19,59936.0
69800,311,155,156,156,0,15,14595.0,557,278,279,279,0,19,27250.0,1273,636,637,637,0,22,58866.0,991,495,496,496,0,22,47430.0,2609,1304,1305,1305,0,23,125201.0,857,428,429,429,0,24,41488.0,2409,1204,1205,1205,0,27,114208.0,343,171,172,172,0,18,16166.0,1857,928,929,929,0,22,90572.0,743,371,372,372,0,19,36378.0,1095,547,548,548,0,23,53404.0,981,490,491,491,0,19,45761.0,847,423,424,424,0,18,39300.0,221,110,111,111,0,14,10087.0,1405,702,703,703,0,19,69517.0,1405,702,703,703,0,23,67940.0,1419,709,710,710,0,19,68200.0,795,397,398,398,0,17,36301.0,733,366,367,367,0,17,36208.0,1229,614,615,615,0,19,60533.0
69900,325,162,163,163,0,15,15187.0,563,281,282,282,0,19,27875.0,1283,641,642,642,0,22,59495.0,1003,501,502,502,0,22,48029.0,2629,1314,1315,1315,0,23,125784.0,871,435,436,436,0,24,42104.0,2425,1212,1213,1213,0,27,114801.0,359,179,180,180,0,18,16753.0,1879,939,940,940,0,22,91220.0,757,378,379,379,0,19,37005.0,1103,551,552,552,0,23,54009.0,985,492,493,493,0,19,46329.0,859,429,430,430,0,18,39888.0,251,125,126,126,0,15,10681.0,1419,709,710,710,0,19,70081.0,1411,705,706,706,0,23,68535.0,1429,714,715,715,0,19,68804.0,813,406,407,407,0,17,36927.0,755,377,378,378,0,17,36786.0,1239,619,620,620,0,19,61135.0
70000,345,172,173,173,0,16,15765.0,585,292,293,293,0,19,28498.0,1305,652,653,653,0,22,60096.0,1015,507,508,508,0,22,48619.0,2637,1318,1319,1319,0,23,126354.0,881,440,441,441,0,24,42675.0,2441,1220,1221,1221,0,27,115409.0,373,186,187,187,0,18,17323.0,1899,949,950,950,0,22,91792.0,765,382,383,383,0,19,37610.0,1119,559,560,560,0,23,54570.0,1003,501,502,502,0,19,46918.0,869,434,435,435,0,18,40476.0,265,132,133,133,0,15,11295.0,1429,714,715,715,0,19,70723.0,1421,710,711,711,0,23,69118.0,1441,720,721,721,0,19,69390.0,823,411,412,412,0,17,37507.0,767,383,384,384,0,17,37389.0,1255,627,628,628,0,19,61746.0
70100,357,178,179,179,0,16,16355.0,591,295,296,296,0,19,29080.0,1307,653,654,654,0,22,60661.0,1021,510,511,511,0,22,49264.0,2651,1325,1326,1326,0,23,126954.0,899,449,450,450,0,24,43239.0,2457,1228,1229,1229,0,27,116000.0,387,193,194,194,0,18,17915.0,1911,955,956,956,0,22,92382.0,777,388,389,389,0,19,38227.0,1137,568,569,569,0,23,55129.0,1011,505,506,506,0,19,47551.0,883,441,442,442,0,18,41117.0,279,139,140,140,0,15,11919.0,1439,719,720,720,0,19,71312.0,1425,712,713,713,0,23,69678.0,1461,730,731,731,0,19,70002.0,839,419,420,420,0,18,38160.0,777,388,389,389,0,17,37959.0,1267,633,634,634,0,19,62330.0
70200,367,183,184,184,0,16,16974.0,605,302,303,303,0,19,29676.0,1311,655,656,656,0,22,61252.0,1035,517,518,518,0,22,49871.0,2667,1333,1334,1334,0,23,127559.0,913,456,457,457,0,24,43784.0,2463,1231,1232,1232,0,27,116627.0,391,195,196,196,0,18,18451.0,1925,962,963,963,0,22,93014.0,785,392,393,393,0,19,38818.0,1149,574,575,575,0,23,55749.0,1029,514,515,515,0,19,48145.0,893,446,447,447,0,18,41710.0,291,145,146,146,0,16,12554.0,1447,723,724,724,0,19,71929.0,1435,717,718,718,0,23,70275.0,1467,733,734,734,0,19,70578.0,851,425,426,426,0,18,38766.0,791,395,396,396,0,17,38544.0,1275,637,638,638,0,19,62926.0
70300,377,188,189,189,0,16,17628.0,619,309,310,310,0,19,30272.0,1323,661,662,662,0,23,61850.0,1041,520,521,521,0,22,50462.0,2683,1341,1342,1342,0,23,128195.0,923,461,462,462,0,24,44380.0,2473,1236,1237,1237,0,27,117216.0,407,203,204,204,0,18,19062.0,1937,968,969,969,0,22,93590.0,795,397,398,398,0,19,39392.0,1165,582,583,583,0,23,56347.0,1047,523,524,524,0,19,48763.0,905,452,453,453,0,18,42308.0,303,151,152,152,0,16,13176.0,1459,729,730,730,0,19,72524.0,1445,722,723,723,0,23,70920.0,1481,740,741,741,0,19,71191.0,873,436,437,437,0,18,39335.0,803,401,402,402,0,17,39111.0,1285,642,643,643,0,19,63504.0
70400,387,193,194,194,0,16,18258.0,629,314,315,315,0,19,30842.0,1335,667,668,668,0,23,62495.0,1051,525,526,526,0,22,51031.0,2689,1344,1345,1345,0,23,128800.0,931,465,466,466,0,24,44984.0,2481,1240,1241,1241,0,27,117756.0,415,207,208,208,0,18,19632.0,1949,974,975,975,0,22,94201.0,815,407,408,408,0,19,40031.0,1173,586,587,587,0,23,56899.0,1059,529,530,530,0,19,49311.0,913,456,457,457,0,18,42902.0,313,156,157,157,0,16,13772.0,1477,738,739,739,0,19,73150.0,1459,729,730,730,0,23,71528.0,1493,746,747,747,0,19,71782.0,885,442,443,443,0,18,39925.0,805,402,403,403,0,17,39731.0,1297,648,649,649,0,19,64109.0
70500,399,199,200,200,0,17,18848.0,641,320,321,321,0,19,31431.0,1343,671,672,672,0,23,63115.0,1063,531,532,532,0,22,51621.0,2701,1350,1351,1351,0,23,129396.0,949,474,475,475,0,24,45632.0,2499,1249,1250,1250,0,27,118360.0,425,212,213,213,0,19,20237.0,1967,983,984,984,0,22,94815.0,825,412,413,413,0,19,40644.0,1187,593,594,594,0,23,57505.0,1071,535,536,536,0,19,49889.0,919,459,460,460,0,18,43507.0,327,163,164,164,0,17,14383.0,1485,742,743,743,0,19,73744.0,1471,735,736,736,0,23,72132.0,1503,751,752,752,0,19,72397.0,903,451,452,452,0,18,40534.0,809,404,405,405,0,17,40329.0,1321,660,661,661,0,19,64738.0
70600,407,203,204,204,0,18,19412.0,653,326,327,327,0,19,32034.0,1349,674,675,675,0,23,63707.0,1087,543,544,544,0,22,52253.0,2713,1356,1357,1357,0,23,129987.0,955,477,478,478,0,24,46212.0,2527,1263,1264,1264,0,27,119009.0,431,215,216,216,0,19,20797.0,1977,988,989,989,0,22,95437.0,837,418,419,419,0,19,41247.0,1201,600,601,601,0,23,58083.0,3,1,2,2,0,2,228.0,939,469,470,470,0,18,44124.0,337,168,169,169,0,17,14981.0,1505,752,753,753,0,19,74325.0,1479,739,740,740,0,23,72700.0,1515,757,758,758,0,19,72999.0,909,454,455,455,0,18,41153.0,815,407,408,408,0,17,40894.0,1325,662,663,663,0,19,65308.0
70700,413,206,207,207,0,18,20003.0,661,330,331,331,0,19,32641.0,1359,679,680,680,0,23,64269.0,1097,548,549,549,0,22,52848.0,2731,1365,1366,1366,0,23,130608.0,965,482,483,483,0,24,46816.0,2533,1266,1267,1267,0,27,119590.0,441,220,221,221,0,19,21385.0,1987,993,994,994,0,22,96040.0,845,422,423,423,0,19,41837.0,1211,605,606,606,0,23,58680.0,19,9,10,10,0,7,833.0,947,473,474,474,0,18,44731.0,343,171,172,172,0,17,15540.0,1523,761,762,762,0,19,74913.0,1505,752,753,753,0,23,73308.0,1537,768,769,769,0,19,73594.0,919,459,460,460,0,18,41757.0,829,414,415,415,0,17,41506.0,1335,667,668,668,0,19,65922.0
70800,425,212,213,213,0,18,20565.0,677,338,339,339,0,19,33263.0,1375,687,688,688,0,23,64928.0,1115,557,558,558,0,22,53426.0,2743,1371,1372,1372,0,23,131225.0,981,490,491,491,0,24,47394.0,2541,1270,1271,1271,0,27,120174.0,463,231,232,232,0,19,21980.0,2009,1004,1005,1005,0,22,96651.0,859,429,430,430,0,19,42426.0,1225,612,613,613,0,23,59270.0,35,17,18,18,0,9,1420.0,955,477,478,478,0,18,45338.0,355,177,178,178,0,17,16178.0,1529,764,765,765,0,19,75520.0,1521,760,761,761,0,23,73894.0,1541,770,771,771,0,19,74202.0,931,465,466,466,0,18,42374.0,841,420,421,421,0,17,42054.0,1341,670,671,671,0,19,66521.0
70900,429,214,215,215,0,18,21166.0,691,345,346,346,0,19,33825.0,1395,697,698,698,0,23,65480.0,1133,566,567,567,0,22,54050.0,2759,1379,1380,1380,0,23,131849.0,999,499,500,500,0,24,47973.0,2561,1280,1281,1281,0,27,120823.0,481,240,241,241,0,19,22554.0,2025,1012,1013,1013,0,22,97233.0,875,437,438,438,0,20,42990.0,1241,620,621,621,0,23,59818.0,47,23,24,24,0,10,2031.0,959,479,480,480,0,18,45972.0,369,184,185,185,0,17,16780.0,1541,770,771,771,0,19,76083.0,1535,767,768,768,0,23,74484.0,1547,773,774,774,0,19,74797.0,951,475,476,476,0,18,42962.0,855,427,428,428,0,17,42693.0,1347,673,674,674,0,19,67108.0
71000,441,220,221,221,0,18,21758.0,697,348,349,349,0,19,34436.0,1405,702,703,703,0,23,66067.0,1149,574,575,575,0,22,54659.0,2783,1391,1392,1392,0,23,132419.0,1003,501,502,502,0,24,48593.0,2579,1289,1290,1290,0,27,121438.0,495,247,248,248,0,20,23156.0,2047,1023,1024,1024,0,22,97889.0,889,444,445,445,0,20,43604.0,1247,623,624,624,0,23,60432.0,61,30,31,31,0,12,2624.0,967,483,484,484,0,19,46569.0,385,192,193,193,0,17,17384.0,1549,774,775,775,0,19,76680.0,1545,772,773,773,0,23,75096.0,1559,779,780,780,0,19,75427.0,965,482,483,483,0,18,43580.0,873,436,437,437,0,17,43329.0,1365,682,683,683,0,19,67727.0
71100,457,228,229,229,0,19,22352.0,711,355,356,356,0,19,35013.0,1417,708,709,709,0,23,66631.0,1159,579,580,580,0,22,55267.0,2793,1396,1397,1397,0,23,133034.0,1013,506,507,507,0,24,49201.0,2587,1293,1294,1294,0,27,121999.0,509,254,255,255,0,20,23760.0,2065,1032,1033,1033,0,22,98469.0,905,452,453,453,0,20,44230.0,1257,628,629,629,0,23,61046.0,69,34,35,35,0,13,3183.0,981,490,491,491,0,19,47159.0,397,198,199,199,0,17,17995.0,1559,779,780,780,0,19,77270.0,1553,776,777,777,0,23,75708.0,1565,782,783,783,0,19,76000.0,969,484,485,485,0,18,44161.0,877,438,439,439,0,17,43914.0,1387,693,694,694,0,19,68325.0
71200,473,236,237,237,0,19,22966.0,725,362,363,363,0,20,35589.0,1421,710,711,711,0,23,67176.0,1177,588,589,589,0,22,55842.0,2803,1401,1402,1402,0,23,133606.0,1033,516,517,517,0,24,49767.0,2593,1296,1297,1297,0,27,122577.0,521,260,261,261,0,20,24337.0,2083,1041,1042,1042,0,22,99121.0,921,460,461,461,0,20,44835.0,1269,634,635,635,0,23,61620.0,19,9,10,10,0,7,744.0,989,494,495,495,0,19,47752.0,409,204,205,205,0,18,18606.0,1573,786,787,787,0,19,77883.0,1561,780,781,781,0,23,76317.0,1581,790,791,791,0,19,76574.0,979,489,490,490,0,18,44823.0,897,448,449,449,0,17,44517.0,1393,696,697,697,0,19,68930.0
71300,485,242,243,243,0,19,23563.0,733,366,367,367,0,20,36197.0,1455,727,728,728,0,23,67823.0,1195,597,598,598,0,22,56445.0,2819,1409,1410,1410,0,23,134233.0,1039,519,520,520,0,24,50364.0,2605,1302,1303,1303,0,27,123165.0,537,268,269,269,0,20,24932.0,2091,1045,1046,1046,0,22,99729.0,931,465,466,466,0,20,45430.0,1279,639,640,640,0,23,62221.0,29,14,15,15,0,8,1381.0,1001,500,501,501,0,19,48353.0,419,209,210,210,0,18,19202.0,1583,791,792,792,0,19,78468.0,1577,788,789,789,0,23,76928.0,1591,795,796,796,0,19,77131.0,995,497,498,498,0,18,45396.0,911,455,456,456,0,17,45116.0,1411,705,706,706,0,20,69551.0
71400,491,245,246,246,0,19,24145.0,749,374,375,375,0,20,36816.0,1469,734,735,735,0,23,68426.0,1203,601,602,602,0,22,57032.0,2831,1415,1416,1416,0,23,134798.0,1049,524,525,525,0,24,50977.0,2615,1307,1308,1308,0,27,123751.0,357,178,179,179,0,15,17603.0,2105,1052,1053,1053,0,22,100349.0,949,474,475,475,0,20,46044.0,1287,643,644,644,0,23,62840.0,43,21,22,22,0,9,1980.0,1009,504,505,505,0,19,48940.0,431,215,216,216,0,19,19796.0,1595,797,798,798,0,19,79032.0,1591,795,796,796,0,23,77530.0,1609,804,805,805,0,19,77710.0,1001,500,501,501,0,18,46004.0,923,461,462,462,0,17,45736.0,1419,709,710,710,0,20,70142.0
71500,501,250,251,251,0,19,24721.0,765,382,383,383,0,20,37440.0,1475,737,738,738,0,23,69034.0,1221,610,611,611,0,22,57639.0,2845,1422,1423,1423,0,23,135409.0,1065,532,533,533,0,24,51586.0,2625,1312,1313,1313,0,27,124354.0,371,185,186,186,0,15,18202.0,2117,1058,1059,1059,0,22,100964.0,965,482,483,483,0,20,46655.0,1305,652,653,653,0,23,63408.0,53,26,27,27,0,11,2588.0,1029,514,515,515,0,19,49501.0,441,220,221,221,0,19,20391.0,1623,811,812,812,0,20,79646.0,1599,799,800,800,0,23,78084.0,1627,813,814,814,0,19,78293.0,1009,504,505,505,0,18,46626.0,937,468,469,469,0,17,46362.0,1431,715,716,716,0,20,70705.0
71600,517,258,259,259,0,19,25338.0,771,385,386,386,0,20,38076.0,1485,742,743,743,0,23,69667.0,1231,615,616,616,0,22,58265.0,2853,1426,1427,1427,0,23,135985.0,1075,537,538,538,0,24,52210.0,2645,1322,1323,1323,0,27,124968.0,383,191,192,192,0,15,18816.0,2137,1068,1069,1069,0,22,101557.0,975,487,488,488,0,20,47273.0,1323,661,662,662,0,23,64016.0,61,30,31,31,0,12,3145.0,1047,523,524,524,0,19,50111.0,455,227,228,228,0,19,20993.0,1635,817,818,818,0,20,80235.0,1615,807,808,808,0,24,78686.0,1637,818,819,819,0,19,78905.0,1017,508,509,509,0,18,47254.0,947,473,474,474,0,17,46994.0,1453,726,727,727,0,20,71280.0
71700,527,263,264,264,0,20,25904.0,789,394,395,395,0,20,38701.0,1503,751,752,752,0,23,70280.0,1241,620,621,621,0,23,58893.0,2865,1432,1433,1433,0,23,136580.0,1091,545,546,546,0,24,52778.0,2675,1337,1338,1338,0,28,125601.0,391,195,196,196,0,16,19411.0,2139,1069,1070,1070,0,22,102153.0,989,494,495,495,0,20,47857.0,1341,670,671,671,0,23,64668.0,81,40,41,41,0,12,3721.0,1067,533,534,534,0,19,50726.0,471,235,236,236,0,19,21591.0,1643,821,822,822,0,20,80818.0,1627,813,814,814,0,24,79317.0,1659,829,830,830,0,19,79545.0,1027,513,514,514,0,18,47856.0,959,479,480,480,0,17,47629.0,1465,732,733,733,0,20,71914.0
71800,541,270,271,271,0,20,26512.0,801,400,401,401,0,20,39337.0,1511,755,756,756,0,23,70845.0,1253,626,627,627,0,23,59501.0,2871,1435,1436,1436,0,23,137180.0,251,125,126,126,0,15,12256.0,2683,1341,1342,1342,0,28,126202.0,407,203,204,204,0,16,20012.0,2153,1076,1077,1077,0,22,102707.0,993,496,497,497,0,20,48460.0,1355,677,678,678,0,23,65237.0,91,45,46,46,0,13,4346.0,1085,542,543,543,0,19,51294.0,495,247,248,248,0,19,22156.0,1651,825,826,826,0,20,81406.0,1633,816,817,817,0,24,79934.0,1671,835,836,836,0,20,80119.0,1053,526,527,527,0,18,48462.0,975,487,488,488,0,17,48211.0,1477,738,739,739,0,20,72504.0
71900,555,277,278,278,0,20,27127.0,817,408,409,409,0,20,39973.0,1523,761,762,762,0,23,71485.0,1265,632,633,633,0,23,60159.0,2885,1442,1443,1443,0,23,137787.0,263,131,132,132,0,15,12857.0,2697,1348,1349,1349,0,28,126813.0,415,207,208,208,0,16,20651.0,2171,1085,1086,1086,0,22,103277.0,1005,502,503,503,0,20,49069.0,1363,681,682,682,0,23,65820.0,99,49,50,50,0,13,4936.0,1097,548,549,549,0,19,51955.0,501,250,251,251,0,19,22724.0,1663,831,832,832,0,20,82005.0,1647,823,824,824,0,24,80528.0,1677,838,839,839,0,20,80735.0,1067,533,534,534,0,18,49035.0,985,492,493,493,0,17,48777.0,1491,745,746,746,0,20,73126.0
72000,567,283,284,284,0,20,27694.0,825,412,413,413,0,20,40559.0,1541,770,771,771,0,23,72115.0,1277,638,639,639,0,23,60773.0,2901,1450,1451,1451,0,23,138416.0,275,137,138,138,0,15,13441.0,2719,1359,1360,1360,0,28,127436.0,423,211,212,212,0,16,21256.0,2185,1092,1093,1093,0,22,103886.0,1013,506,507,507,0,20,49662.0,1383,691,692,692,0,23,66406.0,111,55,56,56,0,14,5532.0,1113,556,557,557,0,19,52556.0,511,255,256,256,0,19,23264.0,1689,844,845,845,0,20,82616.0,1653,826,827,827,0,24,81120.0,1691,845,846,846,0,20,81344.0,1085,542,543,543,0,18,49592.0,997,498,499,499,0,17,49385.0,1507,753,754,754,0,20,73746.0
72100,583,291,292,292,0,20,28276.0,837,418,419,419,0,20,41110.0,1549,774,775,775,0,23,72661.0,1285,642,643,643,0,23,61356.0,2909,1454,1455,1455,0,23,139003.0,285,142,143,143,0,15,14065.0,2729,1364,1365,1365,0,28,128038.0,437,218,219,219,0,16,21893.0,2193,1096,1097,1097,0,22,104505.0,1019,509,510,510,0,20,50280.0,1401,700,701,701,0,23,66980.0,117,58,59,59,0,14,6194.0,1125,562,563,563,0,19,53159.0,527,263,264,264,0,19,23916.0,1703,851,852,852,0,20,83216.0,1669,834,835,835,0,24,81729.0,1697,848,849,849,0,20,81958.0,1099,549,550,550,0,19,50182.0,1009,504,505,505,0,17,50001.0,1527,763,764,764,0,20,74337.0
72200,597,298,299,299,0,20,28870.0,857,428,429,429,0,20,41734.0,1557,778,779,779,0,23,73293.0,1297,648,649,649,0,23,61963.0,2919,1459,1460,1460,0,23,139616.0,303,151,152,152,0,15,14651.0,2737,1368,1369,1369,0,28,128665.0,445,222,223,223,0,16,22480.0,2201,1100,1101,1101,0,22,105110.0,1029,514,515,515,0,20,50907.0,1415,707,708,708,0,23,67577.0,137,68,69,69,0,15,6783.0,1127,563,564,564,0,19,53774.0,539,269,270,270,0,19,24550.0,1717,858,859,859,0,20,83817.0,1693,846,847,847,0,24,82328.0,1705,852,853,853,0,20,82539.0,1113,556,557,557,0,19,50774.0,1023,511,512,512,0,18,50569.0,1535,767,768,768,0,20,74922.0
72300,615,307,308,308,0,20,29516.0,861,430,431,431,0,20,42342.0,1573,786,787,787,0,23,73892.0,1303,651,652,652,0,23,62573.0,2933,1466,1467,1467,0,23,140256.0,311,155,156,156,0,16,15256.0,2753,1376,1377,1377,0,28,129249.0,475,237,238,238,0,16,23100.0,2215,1107,1108,1108,0,22,105706.0,1041,520,521,521,0,20,51501.0,1429,714,715,715,0,23,68176.0,87,43,44,44,0,11,3799.0,1137,568,569,569,0,19,54380.0,553,276,277,277,0,19,25161.0,1739,869,870,870,0,20,84409.0,437,218,219,219,0,17,22242.0,91,45,46,46,0,10,4108.0,1119,559,560,560,0,19,51352.0,1033,516,517,517,0,18,51172.0,1547,773,774,774,0,20,75512.0
72400,631,315,316,316,0,20,30098.0,873,436,437,437,0,20,42974.0,1581,790,791,791,0,23,74489.0,1321,660,661,661,0,23,63140.0,2939,1469,1470,1470,0,23,140867.0,321,160,161,161,0,16,15903.0,2761,1380,1381,1381,0,28,129854.0,493,246,247,247,0,16,23724.0,2229,1114,1115,1115,0,22,106295.0,1057,528,529,529,0,20,52088.0,1437,718,719,719,0,23,68749.0,97,48,49,49,0,12,4387.0,1149,574,575,575,0,19,54983.0,561,280,281,281,0,20,25765.0,1749,874,875,875,0,20,85026.0,457,228,229,229,0,17,22848.0,103,51,52,52,0,11,4720.0,1129,564,565,565,0,19,51955.0,1043,521,522,522,0,18,51774.0,1553,776,777,777,0,20,76050.0
72500,643,321,322,322,0,20,30696.0,881,440,441,441,0,20,43559.0,1593,796,797,797,0,23,75074.0,1335,667,668,668,0,23,63734.0,2953,1476,1477,1477,0,23,141447.0,335,167,168,168,0,16,16512.0,2771,1385,1386,1386,0,28,130440.0,505,252,253,253,0,16,24290.0,2245,1122,1123,1123,0,22,106925.0,1073,536,537,537,0,20,52711.0,1445,722,723,723,0,23,69353.0,113,56,57,57,0,12,5020.0,1167,583,584,584,0,19,55611.0,569,284,285,285,0,20,26383.0,1761,880,881,881,0,20,85621.0,469,234,235,235,0,17,23465.0,115,57,58,58,0,11,5344.0,1139,569,570,570,0,19,52547.0,1063,531,532,532,0,18,52387.0,1567,783,784,784,0,20,76620.0
72600,653,326,327,327,0,20,31298.0,891,445,446,446,0,20,44114.0,1603,801,802,802,0,23,75727.0,1349,674,675,675,0,23,64339.0,2975,1487,1488,1488,0,23,142045.0,349,174,175,175,0,16,17120.0,2785,1392,1393,1393,0,28,131064.0,515,257,258,258,0,17,24863.0,2261,1130,1131,1131,0,22,107540.0,539,269,270,270,0,18,25298.0,1459,729,730,730,0,23,69975.0,121,60,61,61,0,13,5617.0,1175,587,588,588,0,19,56221.0,589,294,295,295,0,20,26943.0,1777,888,889,889,0,20,86252.0,477,238,239,239,0,17,24107.0,131,65,66,66,0,12,5947.0,1145,572,573,573,0,19,53123.0,1077,538,539,539,0,18,53014.0,1587,793,794,794,0,20,77228.0
72700,665,332,333,333,0,20,31876.0,907,453,454,454,0,20,44717.0,1607,803,804,804,0,23,76307.0,1369,684,685,685,0,23,64947.0,2989,1494,1495,1495,0,23,142659.0,367,183,184,184,0,16,17731.0,2799,1399,1400,1400,0,28,131659.0,525,262,263,263,0,17,25473.0,2279,1139,1140,1140,0,22,108130.0,549,274,275,275,0,18,25915.0,1467,733,734,734,0,23,70549.0,137,68,69,69,0,13,6149.0,1189,594,595,595,0,19,56831.0,605,302,303,303,0,20,27568.0,1787,893,894,894,0,20,86861.0,489,244,245,245,0,17,24665.0,147,73,74,74,0,12,6562.0,1153,576,577,577,0,19,53748.0,1087,543,544,544,0,18,53575.0,1599,799,800,800,0,20,77841.0
72800,679,339,340,340,0,20,32480.0,931,465,466,466,0,20,45363.0,1623,811,812,812,0,23,76905.0,1391,695,696,696,0,23,65548.0,3001,1500,1501,1501,0,23,143246.0,377,188,189,189,0,16,18344.0,2807,1403,1404,1404,0,28,132245.0,533,266,267,267,0,17,26101.0,2287,1143,1144,1144,0,22,108684.0,565,282,283,283,0,18,26482.0,1481,740,741,741,0,23,71121.0,147,73,74,74,0,13,6776.0,1209,604,605,605,0,19,57433.0,615,307,308,308,0,20,28140.0,1797,898,899,899,0,20,87464.0,499,249,250,250,0,18,25231.0,159,79,80,80,0,13,7210.0,1163,581,582,582,0,19,54406.0,1105,552,553,553,0,18,54143.0,1607,803,804,804,0,20,78435.0
72900,695,347,348,348,0,21,33135.0,941,470,471,471,0,20,45944.0,69,34,35,35,0,9,2915.0,1401,700,701,701,0,23,66182.0,3009,1504,1505,1505,0,23,143863.0,389,194,195,195,0,16,18924.0,2817,1408,1409,1409,0,28,132855.0,543,271,272,272,0,17,26681.0,2299,1149,1150,1150,0,22,109328.0,577,288,289,289,0,19,27056.0,1487,743,744,744,0,23,71744.0,157,78,79,79,0,14,7331.0,1217,608,609,609,0,19,58018.0,623,311,312,312,0,20,28724.0,1805,902,903,903,0,20,88055.0,513,256,257,257,0,18,25839.0,173,86,87,87,0,13,7772.0,1173,586,587,587,0,19,54981.0,1109,554,555,555,0,18,54730.0,1619,809,810,810,0,20,79001.0
73000,709,354,355,355,0,21,33743.0,951,475,476,476,0,20,46546.0,81,40,41,41,0,9,3532.0,1417,708,709,709,0,23,66811.0,3035,1517,1518,1518,0,23,144480.0,399,199,200,200,0,17,19524.0,2823,1411,1412,1412,0,28,133462.0,551,275,276,276,0,17,27269.0,2307,1153,1154,1154,0,22,109925.0,587,293,294,294,0,19,27637.0,1497,748,749,749,0,23,72317.0,169,84,85,85,0,14,7932.0,1227,613,614,614,0,19,58593.0,635,317,318,318,0,20,29305.0,1823,911,912,912,0,20,88685.0,531,265,266,266,0,18,26452.0,185,92,93,93,0,14,8346.0,1193,596,597,597,0,19,55570.0,1119,559,560,560,0,18,55325.0,1627,813,814,814,0,20,79563.0
73100,719,359,360,360,0,21,34362.0,961,480,481,481,0,20,47108.0,93,46,47,47,0,10,4135.0,1431,715,716,716,0,23,67414.0,3049,1524,1525,1525,0,23,145031.0,417,208,209,209,0,17,20182.0,2849,1424,1425,1425,0,28,134094.0,557,278,279,279,0,17,27878.0,2317,1158,1159,1159,0,22,110535.0,609,304,305,305,0,19,28254.0,1509,754,755,755,0,23,72965.0,189,94,95,95,0,14,8511.0,1241,620,621,621,0,19,59227.0,649,324,325,325,0,20,29882.0,1841,920,921,921,0,20,89300.0,545,272,273,273,0,18,27050.0,207,103,104,104,0,14,8961.0,1205,602,603,603,0,19,56149.0,1127,563,564,564,0,18,55940.0,1633,816,817,817,0,20,80167.0
73200,735,367,368,368,0,21,34947.0,973,486,487,487,0,20,47708.0,105,52,53,53,0,10,4730.0,1439,719,720,720,0,23,68041.0,3069,1534,1535,1535,0,23,145644.0,437,218,219,219,0,17,20774.0,2865,1432,1433,1433,0,28,134704.0,569,284,285,285,0,17,28546.0,2331,1165,1166,1166,0,22,111134.0,625,312,313,313,0,19,28830.0,1519,759,760,760,0,23,73607.0,201,100,101,101,0,14,9112.0,1257,628,629,629,0,20,59803.0,661,330,331,331,0,20,30485.0,1857,928,929,929,0,20,89916.0,555,277,278,278,0,18,27660.0,213,106,107,107,0,14,9586.0,1227,613,614,614,0,19,56716.0,1143,571,572,572,0,18,56566.0,1645,822,823,823,0,20,80780.0
73300,749,374,375,375,0,21,35578.0,987,493,494,494,0,20,48305.0,115,57,58,58,0,11,5310.0,1451,725,726,726,0,23,68691.0,3081,1540,1541,1541,0,23,146204.0,451,225,226,226,0,17,21404.0,2877,1438,1439,1439,0,28,135319.0,583,291,292,292,0,17,29128.0,2345,1172,1173,1173,0,22,111722.0,631,315,316,316,0,19,29375.0,1527,763,764,764,0,23,74191.0,207,103,104,104,0,14,9691.0,1269,634,635,635,0,20,60385.0,679,339,340,340,0,20,31112.0,1869,934,935,935,0,20,90489.0,569,284,285,285,0,18,28284.0,225,112,113,113,0,15,10163.0,1237,618,619,619,0,19,57295.0,1159,579,580,580,0,18,57185.0,1669,834,835,835,0,20,81378.0
73400,759,379,380,380,0,21,36147.0,995,497,498,498,0,20,48937.0,137,68,69,69,0,11,5911.0,1469,734,735,735,0,23,69326.0,3097,1548,1549,1549,0,23,146810.0,463,231,232,232,0,17,21991.0,2885,1442,1443,1443,0,28,135924.0,593,296,297,297,0,17,29758.0,2357,1178,1179,1179,0,22,112315.0,649,324,325,325,0,19,29937.0,1547,773,774,774,0,23,74781.0,215,107,108,108,0,14,10267.0,1277,638,639,639,0,20,60952.0,695,347,348,348,0,20,31696.0,1873,936,937,937,0,20,91023.0,575,287,288,288,0,18,28901.0,239,119,120,120,0,15,10743.0,1241,620,621,621,0,19,57922.0,1175,587,588,588,0,18,57784.0,1677,838,839,839,0,20,82025.0
73500,767,383,384,384,0,21,36779.0,1007,503,504,504,0,21,49518.0,143,71,72,72,0,11,6482.0,1477,738,739,739,0,23,69927.0,3111,1555,1556,1556,0,23,147402.0,475,237,238,238,0,17,22582.0,2895,1447,1448,1448,0,28,136529.0,609,304,305,305,0,17,30341.0,2363,1181,1182,1182,0,22,112929.0,659,329,330,330,0,19,30522.0,1555,777,778,778,0,23,75364.0,235,117,118,118,0,14,10892.0,1285,642,643,643,0,20,61520.0,703,351,352,352,0,20,32321.0,1885,942,943,943,0,20,91590.0,593,296,297,297,0,18,29504.0,251,125,126,126,0,15,11361.0,1269,634,635,635,0,19,58525.0,1195,597,598,598,0,18,58376.0,1689,844,845,845,0,20,82637.0
73600,789,394,395,395,0,21,37401.0,1021,510,511,511,0,21,50143.0,153,76,77,77,0,11,7079.0,1493,746,747,747,0,23,70577.0,3127,1563,1564,1564,0,23,147948.0,487,243,244,244,0,17,23208.0,2905,1452,1453,1453,0,28,137124.0,623,311,312,312,0,17,30939.0,2377,1188,1189,1189,0,22,113533.0,667,333,334,334,0,19,31125.0,1573,786,787,787,0,23,75939.0,249,124,125,125,0,15,11492.0,1289,644,645,645,0,20,62158.0,709,354,355,355,0,20,32924.0,1891,945,946,946,0,20,92167.0,601,300,301,301,0,18,30076.0,261,130,131,131,0,15,11986.0,1279,639,640,640,0,19,59196.0,1205,602,603,603,0,18,58977.0,1695,847,848,848,0,20,83247.0
73700,805,402,403,403,0,21,38029.0,1031,515,516,516,0,21,50724.0,169,84,85,85,0,12,7680.0,1505,752,753,753,0,23,71142.0,3143,1571,1572,1572,0,23,148584.0,493,246,247,247,0,17,23805.0,2925,1462,1463,1463,0,28,137732.0,637,318,319,319,0,17,31576.0,2385,1192,1193,1193,0,22,114125.0,681,340,341,341,0,19,31714.0,1583,791,792,792,0,23,76532.0,271,135,136,136,0,15,12102.0,189,94,95,95,0,13,8812.0,721,360,361,361,0,20,33507.0,1901,950,951,951,0,20,92798.0,609,304,305,305,0,18,30688.0,273,136,137,137,0,15,12559.0,1291,645,646,646,0,19,59790.0,1217,608,609,609,0,18,59585.0,1701,850,851,851,0,20,83821.0
73800,823,411,412,412,0,21,38602.0,1045,522,523,523,0,21,51350.0,187,93,94,94,0,12,8274.0,1517,758,759,759,0,23,71735.0,3151,1575,1576,1576,0,23,149207.0,499,249,250,250,0,17,24399.0,2931,1465,1466,1466,0,28,138335.0,647,323,324,324,0,17,32156.0,2399,1199,1200,1200,0,22,114750.0,705,352,353,353,0,20,32274.0,1593,796,797,797,0,23,77084.0,277,138,139,139,0,15,12699.0,205,102,103,103,0,13,9414.0,733,366,367,367,0,20,34039.0,1913,956,957,957,0,20,93422.0,631,315,316,316,0,18,31268.0,283,141,142,142,0,15,13153.0,1301,650,651,651,0,19,60360.0,1227,613,614,614,0,18,60186.0,1719,859,860,860,0,20,84412.0
73900,829,414,415,415,0,21,39228.0,1063,531,532,532,0,21,51927.0,203,101,102,102,0,12,8848.0,1533,766,767,767,0,23,72312.0,3167,1583,1584,1584,0,23,149813.0,513,256,257,257,0,17,25003.0,2941,1470,1471,1471,0,28,138924.0,659,329,330,330,0,17,32745.0,2411,1205,1206,1206,0,22,115354.0,717,358,359,359,0,20,32903.0,1599,799,800,800,0,23,77684.0,283,141,142,142,0,15,13348.0,221,110,111,111,0,13,10039.0,745,372,373,373,0,20,34684.0,1931,965,966,966,0,20,94070.0,651,325,326,326,0,18,31879.0,295,147,148,148,0,15,13769.0,1315,657,658,658,0,19,60943.0,1233,616,617,617,0,18,60762.0,1737,868,869,869,0,20,85016.0
74000,839,419,420,420,0,21,39826.0,1079,539,540,540,0,21,52545.0,211,105,106,106,0,13,9408.0,1539,769,770,770,0,23,72901.0,3181,1590,1591,1591,0,23,150433.0,525,262,263,263,0,17,25610.0,2959,1479,1480,1480,0,28,139497.0,671,335,336,336,0,18,33302.0,2423,1211,1212,1212,0,22,115942.0,735,367,368,368,0,20,33486.0,1613,806,807,807,0,23,78258.0,297,148,149,149,0,15,13954.0,233,116,117,117,0,13,10630.0,763,381,382,382,0,20,35287.0,1953,976,977,977,0,20,94637.0,659,329,330,330,0,18,32459.0,311,155,156,156,0,15,14336.0,1327,663,664,664,0,19,61540.0,1243,621,622,622,0,18,61375.0,1747,873,874,874,0,20,85644.0
74100,853,426,427,427,0,21,40431.0,1091,545,546,546,0,21,53165.0,217,108,109,109,0,13,9984.0,1555,777,778,778,0,23,73530.0,3193,1596,1597,1597,0,23,151013.0,541,270,271,271,0,17,26244.0,2967,1483,1484,1484,0,28,140138.0,689,344,345,345,0,18,33920.0,2435,1217,1218,1218,0,22,116543.0,751,375,376,376,0,20,34053.0,1629,814,815,815,0,23,78883.0,319,159,160,160,0,16,14596.0,241,120,121,121,0,13,11278.0,773,386,387,387,0,20,35880.0,1971,985,986,986,0,20,95252.0,679,339,340,340,0,18,33048.0,327,163,164,164,0,16,14936.0,1341,670,671,671,0,19,62096.0,1265,632,633,633,0,18,62005.0,1761,880,881,881,0,20,86198.0
74200,865,432,433,433,0,21,41018.0,1101,550,551,551,0,21,53774.0,231,115,116,116,0,13,10586.0,1567,783,784,784,0,23,74149.0,3209,1604,1605,1605,0,23,151577.0,551,275,276,276,0,17,26853.0,2977,1488,1489,1489,0,28,140728.0,709,354,355,355,0,18,34553.0,2447,1223,1224,1224,0,22,117129.0,771,385,386,386,0,20,34686.0,1643,821,822,822,0,23,79455.0,329,164,165,165,0,16,15185.0,263,131,132,132,0,13,11901.0,783,391,392,392,0,20,36493.0,1975,987,988,988,0,20,95879.0,691,345,346,346,0,18,33701.0,337,168,169,169,0,17,15496.0,1349,674,675,675,0,19,62705.0,1281,640,641,641,0,18,62566.0,1777,888,889,889,0,20,86783.0
74300,867,433,434,434,0,21,41622.0,1111,555,556,556,0,21,54374.0,245,122,123,123,0,14,11156.0,1577,788,789,789,0,23,74757.0,3221,1610,1611,1611,0,23,152184.0,565,282,283,283,0,17,27415.0,2983,1491,1492,1492,0,28,141290.0,723,361,362,362,0,18,35161.0,2453,1226,1227,1227,0,22,117698.0,775,387,388,388,0,20,35277.0,1661,830,831,831,0,23,80060.0,333,166,167,167,0,16,15786.0,277,138,139,139,0,13,12485.0,799,399,400,400,0,20,37072.0,1985,992,993,993,0,20,96494.0,697,348,349,349,0,18,34356.0,351,175,176,176,0,17,16097.0,413,206,207,207,0,17,20384.0,1301,650,651,651,0,18,63217.0,1793,896,897,897,0,20,87392.0
74400,875,437,438,438,0,21,42223.0,1117,558,559,559,0,21,54963.0,255,127,128,128,0,14,11792.0,1589,794,795,795,0,23,75356.0,3243,1621,1622,1622,0,23,152753.0,585,292,293,293,0,17,27999.0,3001,1500,1501,1501,0,28,141931.0,729,364,365,365,0,18,35726.0,2469,1234,1235,1235,0,22,118333.0,783,391,392,392,0,20,35912.0,1669,834,835,835,0,23,80660.0,351,175,176,176,0,16,16358.0,291,145,146,146,0,14,13113.0,801,400,401,401,0,20,37639.0,2005,1002,1003,1003,0,20,97052.0,705,352,353,353,0,18,34976.0,359,179,180,180,0,17,16648.0,435,217,218,218,0,17,20997.0,1307,653,654,654,0,18,63780.0,1809,904,905,905,0,20,88001.0
74500,887,443,444,444,0,21,42823.0,1139,569,570,570,0,21,55582.0,267,133,134,134,0,14,12405.0,1599,799,800,800,0,23,75929.0,3251,1625,1626,1626,0,23,153328.0,599,299,300,300,0,17,28623.0,3015,1507,1508,1508,0,28,142512.0,737,368,369,369,0,18,36286.0,2479,1239,1240,1240,0,22,118899.0,803,401,402,402,0,20,36500.0,1679,839,840,840,0,23,81267.0,359,179,180,180,0,16,16947.0,301,150,151,151,0,14,13717.0,813,406,407,407,0,20,38229.0,2019,1009,1010,1010,0,20,97649.0,719,359,360,360,0,19,35592.0,367,183,184,184,0,17,17258.0,445,222,223,223,0,17,21616.0,1319,659,660,660,0,18,64382.0,1819,909,910,910,0,20,88565.0
74600,891,445,446,446,0,21,43440.0,1157,578,579,579,0,22,56192.0,273,136,137,137,0,14,13011.0,1619,809,810,810,0,24,76581.0,3261,1630,1631,1631,0,23,153929.0,613,306,307,307,0,17,29210.0,3021,1510,1511,1511,0,28,143132.0,747,373,374,374,0,18,36865.0,2487,1243,1244,1244,0,22,119476.0,809,404,405,405,0,20,37089.0,1693,846,847,847,0,23,81896.0,363,181,182,182,0,16,17535.0,311,155,156,156,0,14,14304.0,831,415,416,416,0,21,38847.0,2043,1021,1022,1022,0,20,98247.0,731,365,366,366,0,19,36160.0,383,191,192,192,0,17,17846.0,453,226,227,227,0,17,22216.0,1325,662,663,663,0,18,64984.0,1835,917,918,918,0,20,89123.0
74700,905,452,453,453,0,21,44039.0,1167,583,584,584,0,22,56780.0,287,143,144,144,0,14,13639.0,1623,811,812,812,0,24,77192.0,3269,1634,1635,1635,0,23,154509.0,623,311,312,312,0,17,29792.0,3031,1515,1516,1516,0,28,143720.0,755,377,378,378,0,18,37442.0,2499,1249,1250,1250,0,22,120060.0,817,408,409,409,0,20,37696.0,1703,851,852,852,0,23,82470.0,381,190,191,191,0,16,18147.0,323,161,162,162,0,14,14877.0,843,421,422,422,0,21,39422.0,2045,1022,1023,1023,0,20,98819.0,745,372,373,373,0,19,36780.0,401,200,201,201,0,18,18462.0,463,231,232,232,0,18,22819.0,1341,670,671,671,0,18,65591.0,1847,923,924,924,0,20,89717.0
74800,917,458,459,459,0,21,44658.0,1177,588,589,589,0,22,57386.0,295,147,148,148,0,15,14188.0,1641,820,821,821,0,24,77783.0,3289,1644,1645,1645,0,23,155103.0,637,318,319,319,0,17,30419.0,3051,1525,1526,1526,0,28,144284.0,767,383,384,384,0,18,38062.0,2519,1259,1260,1260,0,23,120641.0,829,414,415,415,0,21,38291.0,1715,857,858,858,0,23,83108.0,85,42,43,43,0,11,4196.0,331,165,166,166,0,14,15447.0,855,427,428,428,0,21,40029.0,2053,1026,1027,1027,0,20,99429.0,759,379,380,380,0,19,37402.0,415,207,208,208,0,18,19061.0,477,238,239,239,0,18,23413.0,1355,677,678,678,0,18,66180.0,1859,929,930,930,0,20,90327.0
74900,935,467,468,468,0,21,45265.0,1195,597,598,598,0,22,57994.0,317,158,159,159,0,15,14804.0,1649,824,825,825,0,24,78366.0,3303,1651,1652,1652,0,23,155728.0,649,324,325,325,0,17,30997.0,3069,1534,1535,1535,0,28,144880.0,783,391,392,392,0,18,38687.0,2533,1266,1267,1267,0,23,121217.0,837,418,419,419,0,21,38912.0,1733,866,867,867,0,23,83727.0,95,47,48,48,0,12,4825.0,339,169,170,170,0,14,16052.0,867,433,434,434,0,21,40623.0,2065,1032,1033,1033,0,20,100021.0,775,387,388,388,0,19,37979.0,427,213,214,214,0,18,19616.0,485,242,243,243,0,18,24026.0,1377,688,689,689,0,18,66773.0,1873,936,937,937,0,20,90888.0
75000,943,471,472,472,0,21,45858.0,1209,604,605,605,0,22,58558.0,335,167,168,168,0,15,15397.0,1659,829,830,830,0,24,78966.0,3321,1660,1661,1661,0,23,156312.0,661,330,331,331,0,17,31581.0,3075,1537,1538,1538,0,28,145464.0,787,393,394,394,0,18,39312.0,2545,1272,1273,1273,0,23,121797.0,845,422,423,423,0,21,39507.0,1741,870,871,871,0,23,84287.0,105,52,53,53,0,12,5450.0,351,175,176,176,0,14,16643.0,881,440,441,441,0,21,41245.0,2073,1036,1037,1037,0,20,100601.0,783,391,392,392,0,20,38535.0,445,222,223,223,0,18,20202.0,495,247,248,248,0,18,24657.0,1389,694,695,695,0,18,67422.0,1885,942,943,943,0,20,91463.0
75100,965,482,483,483,0,21,46425.0,1221,610,611,611,0,22,59161.0,351,175,176,176,0,15,16004.0,1669,834,835,835,0,24,79566.0,3327,1663,1664,1664,0,23,156950.0,675,337,338,338,0,17,32152.0,3087,1543,1544,1544,0,28,146058.0,803,401,402,402,0,18,39917.0,2551,1275,1276,1276,0,23,122394.0,857,428,429,429,0,21,40043.0,1761,880,881,881,0,23,84879.0,115,57,58,58,0,13,6090.0,373,186,187,187,0,14,17230.0,907,453,454,454,0,21,41865.0,2081,1040,1041,1041,0,20,101217.0,801,400,401,401,0,20,39173.0,455,227,228,228,0,18,20769.0,503,251,252,252,0,18,25249.0,1405,702,703,703,0,18,68004.0,1897,948,949,949,0,20,92104.0
75200,975,487,488,488,0,21,47071.0,1223,611,612,612,0,22,59719.0,357,178,179,179,0,15,16588.0,1679,839,840,840,0,24,80152.0,3345,1672,1673,1673,0,23,157527.0,685,342,343,343,0,17,32743.0,3109,1554,1555,1555,0,28,146675.0,805,402,403,403,0,18,40518.0,2563,1281,1282,1282,0,23,122996.0,871,435,436,436,0,21,40620.0,1781,890,891,891,0,24,85460.0,133,66,67,67,0,14,6685.0,379,189,190,190,0,15,17825.0,917,458,459,459,0,21,42445.0,2089,1044,1045,1045,0,20,101852.0,827,413,414,414,0,20,39804.0,469,234,235,235,0,18,21366.0,511,255,256,256,0,18,25832.0,1417,708,709,709,0,18,68604.0,1909,954,955,955,0,20,92712.0
75300,987,493,494,494,0,21,47694.0,1231,615,616,616,0,22,60264.0,363,181,182,182,0,15,17225.0,1687,843,844,844,0,24,80790.0,3359,1679,1680,1680,0,23,158119.0,699,349,350,350,0,17,33353.0,3123,1561,1562,1562,0,28,147239.0,817,408,409,409,0,18,41129.0,2575,1287,1288,1288,0,23,123576.0,883,441,442,442,0,21,41205.0,1797,898,899,899,0,24,86072.0,143,71,72,72,0,14,7269.0,391,195,196,196,0,15,18423.0,931,465,466,466,0,21,43042.0,2095,1047,1048,1048,0,20,102445.0,835,417,418,418,0,20,40393.0,479,239,240,240,0,18,21969.0,519,259,260,260,0,18,26422.0,1433,716,717,717,0,18,69198.0,1921,960,961,961,0,20,93331.0
75400,1013,506,507,507,0,22,48295.0,1245,622,623,623,0,22,60835.0,377,188,189,189,0,15,17781.0,1701,850,851,851,0,24,81428.0,3379,1689,1690,1690,0,23,158724.0,709,354,355,355,0,17,33931.0,3135,1567,1568,1568,0,28,147888.0,835,417,418,418,0,18,41717.0,2597,1298,1299,1299,0,23,124165.0,895,447,448,448,0,21,41775.0,1815,907,908,908,0,24,86659.0,151,75,76,76,0,14,7882.0,399,199,200,200,0,15,19009.0,943,471,472,472,0,21,43631.0,2107,1053,1054,1054,0,20,103048.0,847,423,424,424,0,20,40949.0,487,243,244,244,0,18,22549.0,533,266,267,267,0,18,27051.0,1445,722,723,723,0,18,69801.0,1933,966,967,967,0,20,93910.0
75500,1027,513,514,514,0,22,48913.0,1253,626,627,627,0,23,61497.0,389,194,195,195,0,15,18390.0,1711,855,856,856,0,24,82026.0,3385,1692,1693,1693,0,23,159338.0,719,359,360,360,0,17,34547.0,3147,1573,1574,1574,0,28,148454.0,853,426,427,427,0,18,42329.0,2601,1300,1301,1301,0,23,124735.0,911,455,456,456,0,21,42335.0,1827,913,914,914,0,24,87286.0,161,80,81,81,0,15,8482.0,415,207,208,208,0,15,19625.0,957,478,479,479,0,21,44235.0,2117,1058,1059,1059,0,20,103629.0,857,428,429,429,0,20,41533.0,491,245,246,246,0,18,23144.0,549,274,275,275,0,18,27684.0,1449,724,725,725,0,18,70400.0,1951,975,976,976,0,20,94499.0
75600,1035,517,518,518,0,22,49558.0,1271,635,636,636,0,23,62091.0,405,202,203,203,0,16,19005.0,1727,863,864,864,0,24,82652.0,3397,1698,1699,1699,0,23,159941.0,729,364,365,365,0,18,35094.0,3153,1576,1577,1577,0,28,149010.0,873,436,437,437,0,18,42959.0,2613,1306,1307,1307,0,23,125346.0,929,464,465,465,0,21,42948.0,1835,917,918,918,0,24,87933.0,175,87,88,88,0,15,9124.0,429,214,215,215,0,16,20272.0,969,484,485,485,0,21,44813.0,2129,1064,1065,1065,0,21,104236.0,879,439,440,440,0,20,42180.0,501,250,251,251,0,18,23755.0,561,280,281,281,0,18,28310.0,1461,730,731,731,0,18,70988.0,1961,980,981,981,0,20,95091.0
75700,1049,524,525,525,0,22,50189.0,1281,640,641,641,0,23,62706.0,417,208,209,209,0,16,19592.0,1743,871,872,872,0,24,83246.0,3405,1702,1703,1703,0,23,160541.0,737,368,369,369,0,18,35694.0,3169,1584,1585,1585,0,28,149580.0,893,446,447,447,0,18,43567.0,2623,1311,1312,1312,0,23,125937.0,935,467,468,468,0,21,43536.0,1849,924,925,925,0,24,88560.0,185,92,93,93,0,15,9721.0,443,221,222,222,0,16,20898.0,983,491,492,492,0,21,45428.0,2141,1070,1071,1071,0,21,104846.0,889,444,445,445,0,20,42793.0,523,261,262,262,0,18,24341.0,575,287,288,288,0,19,28942.0,1483,741,742,742,0,18,71583.0,1977,988,989,989,0,21,95705.0
75800,1069,534,535,535,0,22,50819.0,1297,648,649,649,0,23,63289.0,439,219,220,220,0,16,20230.0,1749,874,875,875,0,24,83876.0,3413,1706,1707,1707,0,23,161192.0,745,372,373,373,0,18,36275.0,45,22,23,23,0,9,2551.0,907,453,454,454,0,18,44172.0,2631,1315,1316,1316,0,23,126486.0,943,471,472,472,0,21,44115.0,1857,928,929,929,0,24,89140.0,197,98,99,99,0,16,10255.0,461,230,231,231,0,16,21502.0,997,498,499,499,0,21,46028.0,2165,1082,1083,1083,0,21,105437.0,903,451,452,452,0,20,43389.0,535,267,268,268,0,18,24958.0,593,296,297,297,0,19,29585.0,1493,746,747,747,0,18,72181.0,1999,999,1000,1000,0,21,96297.0
75900,1077,538,539,539,0,22,51429.0,1311,655,656,656,0,23,63901.0,455,227,228,228,0,16,20777.0,1759,879,880,880,0,24,84485.0,3429,1714,1715,1715,0,23,161782.0,757,378,379,379,0,18,36870.0,61,30,31,31,0,9,3159.0,59,29,30,30,0,9,2340.0,2643,1321,1322,1322,0,23,127073.0,957,478,479,479,0,21,44713.0,1871,935,936,936,0,24,89784.0,209,104,105,105,0,16,10842.0,465,232,233,233,0,16,22081.0,1003,501,502,502,0,21,46644.0,2175,1087,1088,1088,0,21,106042.0,911,455,456,456,0,20,44020.0,549,274,275,275,0,18,25577.0,607,303,304,304,0,19,30188.0,1499,749,750,750,0,18,72821.0,2007,1003,1004,1004,0,21,96894.0
76000,1093,546,547,547,0,22,52046.0,1331,665,666,666,0,23,64475.0,469,234,235,235,0,16,21416.0,1777,888,889,889,0,24,85079.0,3435,1717,1718,1718,0,23,162347.0,775,387,388,388,0,18,37449.0,73,36,37,37,0,10,3728.0,71,35,36,36,0,10,2962.0,2645,1322,1323,1323,0,23,127669.0,973,486,487,487,0,21,45289.0,1883,941,942,942,0,24,90363.0,227,113,114,114,0,16,11441.0,479,239,240,240,0,16,22722.0,5,2,3,3,0,3,370.0,2185,1092,1093,1093,0,21,106610.0,923,461,462,462,0,20,44603.0,561,280,281,281,0,18,26191.0,629,314,315,315,0,19,30809.0,1513,756,757,757,0,18,73484.0,2015,1007,1008,1008,0,21,97522.0
76100,1107,553,554,554,0,22,52624.0,1347,673,674,674,0,23,65107.0,487,243,244,244,0,16,22042.0,1787,893,894,894,0,24,85703.0,3449,1724,1725,1725,0,23,162986.0,785,392,393,393,0,18,38051.0,83,41,42,42,0,10,4328.0,83,41,42,42,0,11,3562.0,2659,1329,1330,1330,0,23,128262.0,991,495,496,496,0,21,45918.0,1893,946,947,947,0,24,90993.0,237,118,119,119,0,16,12057.0,483,241,242,242,0,16,23353.0,17,8,9,9,0,5,966.0,2193,1096,1097,1097,0,21,107207.0,935,467,468,468,0,21,45220.0,571,285,286,286,0,18,26822.0,639,319,320,320,0,19,31423.0,1525,762,763,763,0,18,74103.0,2029,1014,1015,1015,0,21,98143.0
76200,1123,561,562,562,0,22,53219.0,1357,678,679,679,0,23,65661.0,501,250,251,251,0,16,22664.0,1797,898,899,899,0,24,86294.0,3459,1729,1730,1730,0,23,163551.0,803,401,402,402,0,18,38652.0,101,50,51,51,0,11,4942.0,101,50,51,51,0,11,4187.0,2675,1337,1338,1338,0,23,128866.0,13,6,7,7,0,7,436.0,1903,951,952,952,0,24,91590.0,249,124,125,125,0,16,12626.0,497,248,249,249,0,17,23989.0,31,15,16,16,0,8,1574.0,2205,1102,1103,1103,0,21,107815.0,943,471,472,472,0,21,45828.0,581,290,291,291,0,18,27456.0,653,326,327,327,0,19,32030.0,1545,772,773,773,0,18,74654.0,2049,1024,1025,1025,0,21,98744.0
76300,1131,565,566,566,0,22,53829.0,1369,684,685,685,0,23,66239.0,509,254,255,255,0,16,23236.0,1821,910,911,911,0,24,86957.0,3471,1735,1736,1736,0,23,164141.0,819,409,410,410,0,18,39235.0,109,54,55,55,0,11,5512.0,115,57,58,58,0,12,4830.0,2691,1345,1346,1346,0,23,129459.0,25,12,13,13,0,10,1060.0,1919,959,960,960,0,24,92194.0,263,131,132,132,0,17,13253.0,505,252,253,253,0,17,24585.0,43,21,22,22,0,9,2134.0,2219,1109,1110,1110,0,21,108447.0,955,477,478,478,0,21,46406.0,593,296,297,297,0,19,28047.0,665,332,333,333,0,19,32650.0,1557,778,779,779,0,18,75259.0,2059,1029,1030,1030,0,21,99351.0
76400,1147,573,574,574,0,22,54412.0,1391,695,696,696,0,23,66834.0,521,260,261,261,0,16,23817.0,1835,917,918,918,0,24,87545.0,3477,1738,1739,1739,0,23,164729.0,825,412,413,413,0,18,39829.0,115,57,58,58,0,11,6070.0,127,63,64,64,0,12,5429.0,2701,1350,1351,1351,0,23,130025.0,43,21,22,22,0,12,1714.0,1935,967,968,968,0,24,92780.0,279,139,140,140,0,17,13869.0,519,259,260,260,0,17,25142.0,53,26,27,27,0,10,2726.0,2223,1111,1112,1112,0,21,108996.0,5,2,3,3,0,3,255.0,607,303,304,304,0,19,28655.0,679,339,340,340,0,19,33263.0,1569,784,785,785,0,18,75832.0,2069,1034,1035,1035,0,21,99939.0
76500,43,21,22,22,0,10,2365.0,1409,704,705,705,0,23,67446.0,523,261,262,262,0,16,24387.0,1839,919,920,920,0,24,88167.0,3481,1740,1741,1741,0,23,165329.0,845,422,423,423,0,18,40465.0,129,64,65,65,0,11,6693.0,139,69,70,70,0,13,6042.0,2717,1358,1359,1359,0,23,130616.0,51,25,26,26,0,14,2277.0,1945,972,973,973,0,24,93430.0,289,144,145,145,0,17,14455.0,539,269,270,270,0,17,25734.0,63,31,32,32,0,11,3304.0,2241,1120,1121,1121,0,21,109568.0,9,4,5,5,0,5,837.0,629,314,315,315,0,19,29269.0,689,344,345,345,0,19,33869.0,1583,791,792,792,0,19,76440.0,2079,1039,1040,1040,0,21,100546.0
76600,55,27,28,28,0,11,2960.0,155,77,78,78,0,12,7140.0,537,268,269,269,0,16,25043.0,1851,925,926,926,0,24,88780.0,65,32,33,33,0,10,2915.0,849,424,425,425,0,18,41060.0,137,68,69,69,0,11,7285.0,153,76,77,77,0,13,6676.0,2737,1368,1369,1369,0,23,131178.0,65,32,33,33,0,15,2890.0,1965,982,983,983,0,24,94024.0,307,153,154,154,0,17,15090.0,551,275,276,276,0,17,26317.0,77,38,39,39,0,12,3892.0,2253,1126,1127,1127,0,21,110173.0,27,13,14,14,0,9,1444.0,645,322,323,323,0,19,29847.0,711,355,356,356,0,19,34495.0,23,11,12,12,0,8,1197.0,2093,1046,1047,1047,0,21,101174.0
76700,63,31,32,32,0,12,3563.0,177,88,89,89,0,12,7726.0,543,271,272,272,0,16,25653.0,1857,928,929,929,0,24,89372.0,71,35,36,36,0,10,3556.0,859,429,430,430,0,18,41631.0,149,74,75,75,0,12,7906.0,161,80,81,81,0,13,7256.0,2759,1379,1380,1380,0,23,131770.0,79,39,40,40,0,16,3513.0,1975,987,988,988,0,24,94664.0,313,156,157,157,0,17,15731.0,559,279,280,280,0,17,26898.0,91,45,46,46,0,12,4493.0,2271,1135,1136,1136,0,21,110784.0,43,21,22,22,0,10,2060.0,651,325,326,326,0,19,30394.0,723,361,362,362,0,19,35112.0,37,18,19,19,0,9,1802.0,67,33,34,34,0,11,3111.0
76800,69,34,35,35,0,12,4190.0,189,94,95,95,0,12,8315.0,545,272,273,273,0,16,26276.0,1869,934,935,935,0,24,89982.0,83,41,42,42,0,11,4115.0,869,434,435,435,0,18,42280.0,161,80,81,81,0,12,8535.0,181,90,91,91,0,14,7884.0,2777,1388,1389,1389,0,23,132360.0,93,46,47,47,0,17,4097.0,141,70,71,71,0,12,6596.0,331,165,166,166,0,17,16359.0,581,290,291,291,0,17,27558.0,99,49,50,50,0,12,5093.0,2285,1142,1143,1143,0,21,111374.0,55,27,28,28,0,12,2637.0,661,330,331,331,0,19,30994.0,737,368,369,369,0,20,35701.0,51,25,26,26,0,9,2371.0,83,41,42,42,0,12,3728.0
76900,79,39,40,40,0,13,4824.0,205,102,103,103,0,13,8975.0,557,278,279,279,0,16,26882.0,1877,938,939,939,0,24,90571.0,107,53,54,54,0,12,4692.0,885,442,443,443,0,18,42861.0,167,83,84,84,0,12,9151.0,197,98,99,99,0,14,8442.0,2795,1397,1398,1398,0,23,132938.0,95,47,48,48,0,17,4665.0,157,78,79,79,0,12,7200.0,345,172,173,173,0,17,16988.0,601,300,301,301,0,17,28168.0,121,60,61,61,0,13,5671.0,2295,1147,1148,1148,0,21,111966.0,67,33,34,34,0,12,3261.0,669,334,335,335,0,19,31580.0,751,375,376,376,0,20,36276.0,63,31,32,32,0,10,2989.0,99,49,50,50,0,12,4334.0
77000,95,47,48,48,0,14,5461.0,215,107,108,108,0,13,9574.0,565,282,283,283,0,16,27489.0,1891,945,946,946,0,24,91153.0,113,56,57,57,0,12,5313.0,895,447,448,448,0,18,43486.0,179,89,90,90,0,12,9763.0,207,103,104,104,0,14,9035.0,2811,1405,1406,1406,0,23,133566.0,107,53,54,54,0,18,5247.0,167,83,84,84,0,12,7837.0,355,177,178,178,0,17,17606.0,609,304,305,305,0,17,28746.0,135,67,68,68,0,13,6279.0,2309,1154,1155,1155,0,21,112539.0,87,43,44,44,0,13,3896.0,675,337,338,338,0,19,32177.0,769,384,385,385,0,20,36873.0,77,38,39,39,0,10,3611.0,117,58,59,59,0,13,4926.0
77100,111,55,56,56,0,14,6059.0,225,112,113,113,0,14,10159.0,577,288,289,289,0,16,28125.0,1901,950,951,951,0,24,91767.0,123,61,62,62,0,12,5872.0,897,448,449,449,0,18,44016.0,193,96,97,97,0,12,10363.0,221,110,111,111,0,14,9642.0,257,128,129,129,0,12,12363.0,115,57,58,58,0,18,5894.0,173,86,87,87,0,12,8439.0,367,183,184,184,0,17,18164.0,627,313,314,314,0,17,29310.0,145,72,73,73,0,14,6883.0,2319,1159,1160,1160,0,21,113137.0,93,46,47,47,0,14,4502.0,683,341,342,342,0,19,32822.0,775,387,388,388,0,20,37452.0,91,45,46,46,0,11,4193.0,125,62,63,63,0,13,5480.0
77200,115,57,58,58,0,14,6657.0,243,121,122,122,0,14,10781.0,589,294,295,295,0,16,28746.0,1921,960,961,961,0,24,92371.0,143,71,72,72,0,13,6504.0,911,455,456,456,0,19,44636.0,203,101,102,102,0,12,10995.0,241,120,121,121,0,14,10195.0,271,135,136,136,0,12,12980.0,129,64,65,65,0,18,6527.0,183,91,92,92,0,13,9023.0,383,191,192,192,0,17,18804.0,629,314,315,315,0,17,29912.0,161,80,81,81,0,14,7496.0,2329,1164,1165,1165,0,21,113685.0,107,53,54,54,0,15,5065.0,687,343,344,344,0,19,33398.0,787,393,394,394,0,20,38079.0,97,48,49,49,0,11,4788.0,135,67,68,68,0,13,6075.0
77300,125,62,63,63,0,15,7314.0,249,124,125,125,0,14,11391.0,605,302,303,303,0,16,29348.0,1933,966,967,967,0,24,92967.0,157,78,79,79,0,13,7090.0,933,466,467,467,0,19,45218.0,215,107,108,108,0,12,11538.0,251,125,126,126,0,14,10802.0,287,143,144,144,0,13,13580.0,143,71,72,72,0,18,7139.0,203,101,102,102,0,13,9606.0,407,203,204,204,0,17,19364.0,193,96,97,97,0,16,8744.0,171,85,86,86,0,14,8074.0,2351,1175,1176,1176,0,21,114267.0,115,57,58,58,0,15,5694.0,697,348,349,349,0,20,33967.0,803,401,402,402,0,20,38672.0,111,55,56,56,0,11,5412.0,143,71,72,72,0,13,6703.0
77400,139,69,70,70,0,15,7921.0,265,132,133,133,0,15,12022.0,627,313,314,314,0,16,29905.0,1953,976,977,977,0,24,93554.0,165,82,83,83,0,13,7719.0,943,471,472,472,0,19,45799.0,223,111,112,112,0,12,12150.0,267,133,134,134,0,15,11420.0,297,148,149,149,0,13,14196.0,153,76,77,77,0,18,7736.0,215,107,108,108,0,13,10226.0,423,211,212,212,0,17,20061.0,211,105,106,106,0,16,9389.0,181,90,91,91,0,14,8709.0,2365,1182,1183,1183,0,21,114867.0,135,67,68,68,0,16,6282.0,703,351,352,352,0,20,34547.0,811,405,406,406,0,20,39315.0,125,62,63,63,0,12,5985.0,151,75,76,76,0,13,7274.0
77500,157,78,79,79,0,15,8506.0,281,140,141,141,0,15,12647.0,7,3,4,4,0,4,461.0,1967,983,984,984,0,24,94155.0,177,88,89,89,0,13,8289.0,949,474,475,475,0,19,46360.0,243,121,122,122,0,13,12764.0,273,136,137,137,0,15,12046.0,305,152,153,153,0,13,14747.0,159,79,80,80,0,18,8335.0,237,118,119,119,0,13,10824.0,439,219,220,220,0,17,20653.0,213,106,107,107,0,16,10019.0,203,101,102,102,0,15,9299.0,2375,1187,1188,1188,0,21,115484.0,145,72,73,73,0,16,6911.0,713,356,357,357,0,20,35155.0,169,84,85,85,0,12,8346.0,5,2,3,3,0,3,246.0,161,80,81,81,0,14,7866.0
77600,165,82,83,83,0,15,9104.0,287,143,144,144,0,15,13225.0,21,10,11,11,0,6,1027.0,1975,987,988,988,0,24,94805.0,191,95,96,96,0,13,8867.0,959,479,480,480,0,19,46971.0,251,125,126,126,0,13,13364.0,285,142,143,143,0,15,12610.0,317,158,159,159,0,13,15357.0,183,91,92,92,0,19,8955.0,247,123,124,124,0,13,11432.0,449,224,225,225,0,17,21238.0,233,116,117,117,0,17,10630.0,209,104,105,105,0,15,9900.0,2385,1192,1193,1193,0,21,116091.0,161,80,81,81,0,16,7507.0,733,366,367,367,0,20,35764.0,181,90,91,91,0,12,8942.0,11,5,6,6,0,4,853.0,179,89,90,90,0,14,8458.0
77700,177,88,89,89,0,15,9708.0,297,148,149,149,0,15,13815.0,31,15,16,16,0,8,1639.0,1985,992,993,993,0,24,95415.0,209,104,105,105,0,14,9469.0,971,485,486,486,0,19,47606.0,269,134,135,135,0,13,13972.0,295,147,148,148,0,15,13192.0,321,160,161,161,0,13,16023.0,199,99,100,100,0,19,9568.0,259,129,130,130,0,14,12043.0,459,229,230,230,0,17,21819.0,249,124,125,125,0,17,11259.0,221,110,111,111,0,15,10509.0,2389,1194,1195,1195,0,21,116693.0,169,84,85,85,0,16,8148.0,755,377,378,378,0,20,36382.0,199,99,100,100,0,13,9584.0,31,15,16,16,0,7,1458.0,193,96,97,97,0,14,9050.0
77800,187,93,94,94,0,15,10295.0,303,151,152,152,0,15,14416.0,45,22,23,23,0,9,2243.0,1997,998,999,999,0,24,96007.0,215,107,108,108,0,14,10067.0,979,489,490,490,0,19,48192.0,283,141,142,142,0,14,14587.0,303,151,152,152,0,15,13778.0,339,169,170,170,0,14,16633.0,19,9,10,10,0,6,769.0,269,134,135,135,0,14,12617.0,469,234,235,235,0,18,22454.0,259,129,130,130,0,17,11858.0,237,118,119,119,0,15,11083.0,25,12,13,13,0,8,1595.0,187,93,94,94,0,17,8789.0,765,382,383,383,0,20,37004.0,209,104,105,105,0,13,10149.0,39,19,20,20,0,9,2060.0,197,98,99,99,0,14,9658.0
77900,199,99,100,100,0,16,10909.0,321,160,161,161,0,16,14979.0,53,26,27,27,0,10,2823.0,2009,1004,1005,1005,0,24,96582.0,229,114,115,115,0,14,10676.0,993,496,497,497,0,19,48812.0,289,144,145,145,0,14,15207.0,317,158,159,159,0,15,14381.0,351,175,176,176,0,14,17227.0,35,17,18,18,0,7,1365.0,279,139,140,140,0,14,13226.0,479,239,240,240,0,18,23058.0,275,137,138,138,0,18,12449.0,247,123,124,124,0,15,11696.0,39,19,20,20,0,8,2207.0,195,97,98,98,0,17,9380.0,781,390,391,391,0,20,37565.0,221,110,111,111,0,13,10794.0,53,26,27,27,0,10,2663.0,211,105,106,106,0,14,10280.0
78000,211,105,106,106,0,16,11484.0,337,168,169,169,0,16,15565.0,73,36,37,37,0,11,3478.0,2025,1012,1013,1013,0,24,97169.0,245,122,123,123,0,14,11235.0,1005,502,503,503,0,19,49438.0,303,151,152,152,0,14,15810.0,339,169,170,170,0,15,15021.0,361,180,181,181,0,14,17831.0,47,23,24,24,0,9,1996.0,293,146,147,147,0,14,13846.0,485,242,243,243,0,18,23670.0,283,141,142,142,0,18,13045.0,263,131,132,132,0,16,12259.0,51,25,26,26,0,9,2770.0,209,104,105,105,0,17,9981.0,795,397,398,398,0,20,38176.0,233,116,117,117,0,13,11409.0,71,35,36,36,0,10,3266.0,225,112,113,113,0,15,10875.0
78100,223,111,112,112,0,16,12083.0,347,173,174,174,0,16,16197.0,83,41,42,42,0,11,4035.0,325,162,163,163,0,13,16619.0,257,128,129,129,0,15,11847.0,1015,507,508,508,0,19,50076.0,315,157,158,158,0,14,16407.0,345,172,173,173,0,15,15615.0,373,186,187,187,0,14,18414.0,65,32,33,33,0,10,2562.0,299,149,150,150,0,14,14402.0,493,246,247,247,0,18,24273.0,295,147,148,148,0,18,13626.0,273,136,137,137,0,16,12813.0,63,31,32,32,0,10,3390.0,219,109,110,110,0,17,10584.0,801,400,401,401,0,20,38790.0,247,123,124,124,0,13,12008.0,87,43,44,44,0,11,3813.0,237,118,119,119,0,15,11493.0
78200,233,116,117,117,0,16,12704.0,355,177,178,178,0,16,16788.0,97,48,49,49,0,12,4666.0,335,167,168,168,0,13,17215.0,265,132,133,133,0,15,12424.0,1027,513,514,514,0,19,50665.0,319,159,160,160,0,14,17016.0,349,174,175,175,0,15,16229.0,385,192,193,193,0,14,19046.0,77,38,39,39,0,11,3178.0,315,157,158,158,0,14,14987.0,509,254,255,255,0,19,24872.0,307,153,154,154,0,18,14243.0,285,142,143,143,0,16,13432.0,79,39,40,40,0,10,4009.0,233,116,117,117,0,17,11204.0,813,406,407,407,0,20,39386.0,261,130,131,131,0,13,12586.0,99,49,50,50,0,11,4417.0,253,126,127,127,0,15,12080.0
78300,249,124,125,125,0,16,13334.0,369,184,185,185,0,16,17357.0,115,57,58,58,0,13,5259.0,339,169,170,170,0,13,17779.0,277,138,139,139,0,15,13010.0,1037,518,519,519,0,19,51272.0,335,167,168,168,0,15,17599.0,365,182,183,183,0,15,16834.0,405,202,203,203,0,14,19611.0,87,43,44,44,0,11,3781.0,329,164,165,165,0,14,15587.0,519,259,260,260,0,19,25495.0,317,158,159,159,0,18,14828.0,301,150,151,151,0,16,14014.0,97,48,49,49,0,11,4644.0,245,122,123,123,0,18,11811.0,829,414,415,415,0,21,39973.0,269,134,135,135,0,13,13135.0,113,56,57,57,0,12,4995.0,261,130,131,131,0,16,12710.0
78400,253,126,127,127,0,16,13895.0,383,191,192,192,0,16,17975.0,3,1,2,2,0,2,87.0,349,174,175,175,0,13,18369.0,287,143,144,144,0,15,13648.0,1051,525,526,526,0,19,51819.0,347,173,174,174,0,15,18194.0,385,192,193,193,0,16,17421.0,411,205,206,206,0,14,20223.0,105,52,53,53,0,11,4361.0,337,168,169,169,0,15,16198.0,527,263,264,264,0,19,26075.0,325,162,163,163,0,18,15437.0,313,156,157,157,0,16,14605.0,105,52,53,53,0,11,5279.0,255,127,128,128,0,18,12423.0,841,420,421,421,0,21,40568.0,279,139,140,140,0,14,13762.0,123,61,62,62,0,13,5586.0,271,135,136,136,0,16,13307.0
78500,263,131,132,132,0,16,14535.0,397,198,199,199,0,17,18556.0,15,7,8,8,0,5,686.0,357,178,179,179,0,13,18945.0,301,150,151,151,0,16,14282.0,1061,530,531,531,0,19,52446.0,353,176,177,177,0,15,18818.0,399,199,200,200,0,16,17988.0,435,217,218,218,0,15,20868.0,109,54,55,55,0,12,4989.0,349,174,175,175,0,15,16838.0,539,269,270,270,0,19,26676.0,335,167,168,168,0,18,16020.0,325,162,163,163,0,16,15209.0,117,58,59,59,0,12,5905.0,267,133,134,134,0,18,13040.0,859,429,430,430,0,21,41170.0,283,141,142,142,0,14,14338.0,135,67,68,68,0,13,6152.0,287,143,144,144,0,16,13872.0
78600,275,137,138,138,0,16,15141.0,405,202,203,203,0,17,19118.0,25,12,13,13,0,6,1231.0,365,182,183,183,0,13,19575.0,317,158,159,159,0,16,14867.0,1071,535,536,536,0,19,53061.0,369,184,185,185,0,15,19402.0,409,204,205,205,0,16,18626.0,447,223,224,224,0,15,21471.0,125,62,63,63,0,12,5574.0,357,178,179,179,0,15,17427.0,557,278,279,279,0,19,27324.0,345,172,173,173,0,19,16626.0,339,169,170,170,0,16,15777.0,135,67,68,68,0,12,6543.0,275,137,138,138,0,18,13631.0,875,437,438,438,0,21,41789.0,295,147,148,148,0,14,14936.0,147,73,74,74,0,14,6760.0,293,146,147,147,0,17,14489.0
78700,289,144,145,145,0,16,15763.0,423,211,212,212,0,17,19720.0,37,18,19,19,0,7,1810.0,375,187,188,188,0,13,20173.0,337,168,169,169,0,16,15479.0,1093,546,547,547,0,19,53645.0,379,189,190,190,0,15,19961.0,421,210,211,211,0,16,19230.0,459,229,230,230,0,15,22059.0,135,67,68,68,0,12,6152.0,371,185,186,186,0,15,18047.0,571,285,286,286,0,19,27918.0,361,180,181,181,0,19,17241.0,345,172,173,173,0,16,16354.0,151,75,76,76,0,13,7161.0,291,145,146,146,0,18,14229.0,885,442,443,443,0,21,42396.0,307,153,154,154,0,14,15546.0,155,77,78,78,0,14,7338.0,309,154,155,155,0,17,15097.0
78800,293,146,147,147,0,16,16408.0,441,220,221,221,0,17,20338.0,51,25,26,26,0,8,2440.0,397,198,199,199,0,13,20776.0,349,174,175,175,0,16,16097.0,1101,550,551,551,0,19,54263.0,385,192,193,193,0,15,20579.0,433,216,217,217,0,16,19828.0,465,232,233,233,0,15,22643.0,141,70,71,71,0,12,6745.0,393,196,197,197,0,15,18707.0,583,291,292,292,0,19,28539.0,373,186,187,187,0,19,17843.0,367,183,184,184,0,16,16942.0,159,79,80,80,0,13,7753.0,295,147,148,148,0,18,14842.0,901,450,451,451,0,21,42978.0,321,160,161,161,0,14,16162.0,19,9,10,10,0,7,926.0,325,162,163,163,0,18,15699.0
78900,307,153,154,154,0,17,17026.0,445,222,223,223,0,17,20994.0,59,29,30,30,0,8,3025.0,421,210,211,211,0,14,21369.0,353,176,177,177,0,16,16650.0,1113,556,557,557,0,19,54862.0,397,198,199,199,0,15,21243.0,447,223,224,224,0,16,20410.0,471,235,236,236,0,16,23282.0,153,76,77,77,0,13,7320.0,401,200,201,201,0,15,19308.0,597,298,299,299,0,19,29128.0,389,194,195,195,0,19,18420.0,379,189,190,190,0,16,17556.0,173,86,87,87,0,13,8311.0,305,152,153,153,0,18,15432.0,911,455,456,456,0,21,43567.0,331,165,166,166,0,14,16784.0,29,14,15,15,0,8,1519.0,337,168,169,169,0,18,16332.0
79000,319,159,160,160,0,17,17604.0,57,28,29,29,0,11,2546.0,73,36,37,37,0,10,3666.0,437,218,219,219,0,14,21996.0,375,187,188,188,0,17,17255.0,1127,563,564,564,0,19,55456.0,409,204,205,205,0,16,21873.0,453,226,227,227,0,16,21045.0,481,240,241,241,0,16,23899.0,33,16,17,17,0,9,1870.0,407,203,204,204,0,15,19905.0,609,304,305,305,0,19,29723.0,401,200,201,201,0,19,19057.0,393,196,197,197,0,16,18148.0,187,93,94,94,0,13,8903.0,311,155,156,156,0,18,16014.0,929,464,465,465,0,21,44165.0,341,170,171,171,0,14,17376.0,41,20,21,21,0,9,2122.0,33,16,17,17,0,7,1508.0
79100,329,164,165,165,0,17,18182.0,71,35,36,36,0,11,3116.0,83,41,42,42,0,10,4283.0,455,227,228,228,0,14,22603.0,393,196,197,197,0,17,17854.0,1145,572,573,573,0,19,56065.0,427,213,214,214,0,16,22452.0,467,233,234,234,0,16,21620.0,497,248,249,249,0,16,24512.0,47,23,24,24,0,11,2483.0,419,209,210,210,0,15,20461.0,617,308,309,309,0,19,30316.0,407,203,204,204,0,19,19624.0,403,201,202,202,0,16,18750.0,209,104,105,105,0,14,9554.0,323,161,162,162,0,18,16601.0,941,470,471,471,0,21,44757.0,363,181,182,182,0,15,17966.0,53,26,27,27,0,10,2751.0,47,23,24,24,0,7,2101.0
79200,335,167,168,168,0,17,18788.0,83,41,42,42,0,12,3729.0,93,46,47,47,0,11,4894.0,467,233,234,234,0,14,23185.0,403,201,202,202,0,17,18445.0,1159,579,580,580,0,19,56690.0,437,218,219,219,0,16,23082.0,483,241,242,242,0,16,22245.0,515,257,258,258,0,16,25142.0,63,31,32,32,0,11,3111.0,427,213,214,214,0,15,21075.0,629,314,315,315,0,19,30914.0,425,212,213,213,0,20,20184.0,421,210,211,211,0,16,19399.0,223,111,112,112,0,14,10130.0,331,165,166,166,0,18,17187.0,949,474,475,475,0,21,45390.0,375,187,188,188,0,15,18589.0,69,34,35,35,0,11,3373.0,63,31,32,32,0,8,2702.0
79300,349,174,175,175,0,17,19376.0,91,45,46,46,0,12,4311.0,107,53,54,54,0,11,5504.0,471,235,236,236,0,14,23775.0,411,205,206,206,0,17,19051.0,1175,587,588,588,0,19,57259.0,199,99,100,100,0,13,9670.0,491,245,246,246,0,16,22870.0,523,261,262,262,0,16,25736.0,75,37,38,38,0,12,3706.0,441,220,221,221,0,15,21703.0,635,317,318,318,0,19,31497.0,435,217,218,218,0,20,20795.0,433,216,217,217,0,16,19989.0,225,112,113,113,0,14,10682.0,345,172,173,173,0,18,17764.0,963,481,482,482,0,21,45985.0,385,192,193,193,0,15,19202.0,83,41,42,42,0,11,3960.0,71,35,36,36,0,8,3277.0
79400,361,180,181,181,0,17,19969.0,109,54,55,55,0,12,4942.0,117,58,59,59,0,11,6155.0,483,241,242,242,0,14,24370.0,425,212,213,213,0,17,19674.0,1183,591,592,592,0,19,57849.0,213,106,107,107,0,13,10260.0,505,252,253,253,0,16,23441.0,535,267,268,268,0,16,26320.0,91,45,46,46,0,13,4349.0,455,227,228,228,0,15,22279.0,71,35,36,36,0,11,3396.0,449,224,225,225,0,20,21424.0,437,218,219,219,0,16,20614.0,239,119,120,120,0,14,11320.0,361,180,181,181,0,18,18368.0,967,483,484,484,0,21,46545.0,399,199,200,200,0,15,19836.0,97,48,49,49,0,12,4599.0,85,42,43,43,0,9,3855.0
79500,371,185,186,186,0,17,20583.0,119,59,60,60,0,13,5557.0,137,68,69,69,0,12,6775.0,493,246,247,247,0,14,24980.0,443,221,222,222,0,17,20267.0,1199,599,600,600,0,19,58456.0,223,111,112,112,0,13,10888.0,515,257,258,258,0,16,24013.0,9,4,5,5,0,4,376.0,101,50,51,51,0,13,4951.0,461,230,231,231,0,15,22885.0,79,39,40,40,0,11,3972.0,461,230,231,231,0,20,21996.0,457,228,229,229,0,17,21220.0,249,124,125,125,0,14,11872.0,369,184,185,185,0,18,19016.0,973,486,487,487,0,21,47110.0,421,210,211,211,0,16,20437.0,115,57,58,58,0,12,5202.0,93,46,47,47,0,9,4466.0
79600,385,192,193,193,0,17,21145.0,129,64,65,65,0,13,6177.0,149,74,75,75,0,13,7356.0,507,253,254,254,0,14,25557.0,453,226,227,227,0,17,20915.0,1215,607,608,608,0,19,59049.0,239,119,120,120,0,13,11545.0,521,260,261,261,0,16,24607.0,23,11,12,12,0,6,966.0,117,58,59,59,0,14,5594.0,469,234,235,235,0,15,23487.0,87,43,44,44,0,12,4570.0,477,238,239,239,0,20,22630.0,465,232,233,233,0,17,21825.0,253,126,127,127,0,14,12484.0,383,191,192,192,0,19,19598.0,989,494,495,495,0,21,47700.0,433,216,217,217,0,16,20986.0,123,61,62,62,0,12,5789.0,107,53,54,54,0,10,5079.0
79700,393,196,197,197,0,17,21769.0,139,69,70,70,0,13,6747.0,161,80,81,81,0,13,7959.0,519,259,260,260,0,14,26185.0,471,235,236,236,0,17,21513.0,1223,611,612,612,0,19,59631.0,251,125,126,126,0,13,12130.0,83,41,42,42,0,9,3780.0,35,17,18,18,0,8,1570.0,127,63,64,64,0,14,6215.0,481,240,241,241,0,15,24091.0,101,50,51,51,0,12,5195.0,491,245,246,246,0,20,23239.0,231,115,116,116,0,14,10571.0,123,61,62,62,0,14,5717.0,391,195,196,196,0,19,20168.0,997,498,499,499,0,21,48273.0,455,227,228,228,0,16,21584.0,135,67,68,68,0,13,6391.0,117,58,59,59,0,10,5683.0
79800,401,200,201,201,0,17,22341.0,155,77,78,78,0,13,7299.0,165,82,83,83,0,13,8539.0,531,265,266,266,0,14,26761.0,487,243,244,244,0,18,22123.0,1237,618,619,619,0,19,60236.0,265,132,133,133,0,14,12710.0,91,45,46,46,0,9,4401.0,47,23,24,24,0,9,2219.0,153,76,77,77,0,14,6790.0,499,249,250,250,0,15,24715.0,115,57,58,58,0,13,5787.0,505,252,253,253,0,21,23823.0,245,122,123,123,0,14,11199.0,139,69,70,70,0,14,6324.0,407,203,204,204,0,19,20759.0,1005,502,503,503,0,21,48846.0,461,230,231,231,0,16,22139.0,151,75,76,76,0,13,6994.0,131,65,66,66,0,11,6243.0
79900,419,209,210,210,0,17,22922.0,167,83,84,84,0,14,7949.0,175,87,88,88,0,14,9112.0,539,269,270,270,0,14,27398.0,499,249,250,250,0,18,22694.0,1255,627,628,628,0,19,60873.0,277,138,139,139,0,14,13331.0,107,53,54,54,0,11,4966.0,57,28,29,29,0,10,2819.0,161,80,81,81,0,15,7382.0,515,257,258,258,0,15,25279.0,127,63,64,64,0,14,6423.0,515,257,258,258,0,21,24405.0,257,128,129,129,0,14,11764.0,155,77,78,78,0,15,6942.0,419,209,210,210,0,19,21328.0,1021,510,511,511,0,21,49436.0,471,235,236,236,0,16,22777.0,161,80,81,81,0,14,7601.0,141,70,71,71,0,11,6823.0
80000,427,213,214,214,0,17,23521.0,175,87,88,88,0,14,8583.0,191,95,96,96,0,14,9708.0,549,274,275,275,0,15,27980.0,511,255,256,256,0,18,23286.0,1259,629,630,630,0,19,61462.0,291,145,146,146,0,14,13927.0,117,58,59,59,0,11,5588.0,65,32,33,33,0,11,3379.0,175,87,88,88,0,15,8003.0,529,264,265,265,0,16,25849.0,139,69,70,70,0,14,7023.0,527,263,264,264,0,21,25001.0,265,132,133,133,0,14,12356.0,169,84,85,85,0,16,7549.0,157,78,79,79,0,13,7520.0,1025,512,513,513,0,21,50065.0,479,239,240,240,0,16,23358.0,179,89,90,90,0,14,8214.0,159,79,80,80,0,12,7421.0
80100,449,224,225,225,0,18,24100.0,181,90,91,91,0,14,9151.0,201,100,101,101,0,14,10293.0,559,279,280,280,0,15,28534.0,521,260,261,261,0,18,23914.0,335,167,168,168,0,19,15705.0,303,151,152,152,0,15,14529.0,123,61,62,62,0,12,6213.0,81,40,41,41,0,11,3995.0,187,93,94,94,0,15,8569.0,545,272,273,273,0,16,26411.0,155,77,78,78,0,14,7593.0,547,273,274,274,0,21,25613.0,279,139,140,140,0,14,12944.0,177,88,89,89,0,16,8149.0,169,84,85,85,0,13,8106.0,1039,519,520,520,0,21,50669.0,487,243,244,244,0,16,23931.0,191,95,96,96,0,14,8826.0,167,83,84,84,0,12,8011.0
80200,457,228,229,229,0,18,24700.0,193,96,97,97,0,14,9731.0,85,42,43,43,0,11,3885.0,569,284,285,285,0,15,29152.0,85,42,43,43,0,12,3576.0,351,175,176,176,0,19,16277.0,315,157,158,158,0,15,15153.0,139,69,70,70,0,12,6819.0,93,46,47,47,0,12,4543.0,199,99,100,100,0,15,9174.0,551,275,276,276,0,16,26979.0,165,82,83,83,0,15,8180.0,557,278,279,279,0,21,26196.0,291,145,146,146,0,14,13535.0,195,97,98,98,0,16,8776.0,183,91,92,92,0,14,8662.0,1045,522,523,523,0,21,51292.0,501,250,251,251,0,16,24519.0,207,103,104,104,0,14,9422.0,181,90,91,91,0,13,8604.0
80300,471,235,236,236,0,18,25302.0,209,104,105,105,0,14,10334.0,95,47,48,48,0,11,4508.0,579,289,290,290,0,15,29756.0,95,47,48,48,0,12,4163.0,367,183,184,184,0,19,16896.0,329,164,165,165,0,15,15782.0,149,74,75,75,0,13,7408.0,107,53,54,54,0,12,5139.0,209,104,105,105,0,16,9798.0,557,278,279,279,0,16,27627.0,177,88,89,89,0,15,8800.0,567,283,284,284,0,21,26799.0,311,155,156,156,0,14,14136.0,211,105,106,106,0,17,9376.0,197,98,99,99,0,14,9267.0,1061,530,531,531,0,21,51901.0,519,259,260,260,0,17,25096.0,3,1,2,2,0,2,297.0,191,95,96,96,0,13,9237.0
80400,159,79,80,80,0,12,7007.0,219,109,110,110,0,15,10910.0,101,50,51,51,0,11,5113.0,587,293,294,294,0,15,30355.0,115,57,58,58,0,13,4745.0,369,184,185,185,0,19,17479.0,337,168,169,169,0,15,16341.0,161,80,81,81,0,13,8022.0,123,61,62,62,0,12,5785.0,221,110,111,111,0,16,10390.0,567,283,284,284,0,16,28213.0,189,94,95,95,0,15,9422.0,571,285,286,286,0,21,27437.0,321,160,161,161,0,14,14725.0,225,112,113,113,0,17,9990.0,205,102,103,103,0,14,9866.0,1073,536,537,537,0,21,52514.0,525,262,263,263,0,17,25689.0,17,8,9,9,0,7,888.0,207,103,104,104,0,14,9802.0
80500,167,83,84,84,0,12,7623.0,233,116,117,117,0,15,11517.0,113,56,57,57,0,12,5709.0,603,301,302,302,0,15,30952.0,123,61,62,62,0,14,5349.0,385,192,193,193,0,19,18079.0,349,174,175,175,0,15,16957.0,177,88,89,89,0,13,8664.0,137,68,69,69,0,13,6397.0,233,116,117,117,0,16,11007.0,577,288,289,289,0,16,28799.0,207,103,104,104,0,16,10013.0,587,293,294,294,0,21,28033.0,341,170,171,171,0,15,15317.0,233,116,117,117,0,17,10599.0,215,107,108,108,0,14,10429.0,1083,541,542,542,0,21,53121.0,537,268,269,269,0,17,26295.0,29,14,15,15,0,8,1518.0,217,108,109,109,0,14,10436.0
80600,185,92,93,93,0,12,8186.0,249,124,125,125,0,15,12084.0,125,62,63,63,0,12,6310.0,617,308,309,309,0,15,31515.0,135,67,68,68,0,14,5985.0,393,196,197,197,0,19,18672.0,365,182,183,183,0,16,17556.0,189,94,95,95,0,13,9263.0,153,76,77,77,0,14,7049.0,241,120,121,121,0,16,11594.0,591,295,296,296,0,16,29383.0,217,108,109,109,0,16,10601.0,597,298,299,299,0,21,28591.0,349,174,175,175,0,15,15908.0,243,121,122,122,0,17,11205.0,235,117,118,118,0,14,11072.0,1093,546,547,547,0,21,53726.0,555,277,278,278,0,17,26917.0,43,21,22,22,0,9,2129.0,223,111,112,112,0,14,11016.0
80700,195,97,98,98,0,12,8802.0,263,131,132,132,0,15,12696.0,131,65,66,66,0,12,6890.0,633,316,317,317,0,15,32109.0,153,76,77,77,0,14,6630.0,401,200,201,201,0,19,19264.0,379,189,190,190,0,16,18169.0,201,100,101,101,0,14,9869.0,163,81,82,82,0,14,7679.0,249,124,125,125,0,16,12180.0,609,304,305,305,0,16,29997.0,227,113,114,114,0,16,11219.0,613,306,307,307,0,21,29142.0,351,175,176,176,0,15,16497.0,255,127,128,128,0,18,11787.0,249,124,125,125,0,15,11644.0,1111,555,556,556,0,21,54359.0,565,282,283,283,0,17,27482.0,59,29,30,30,0,10,2740.0,233,116,117,117,0,15,11638.0
80800,209,104,105,105,0,12,9412.0,275,137,138,138,0,15,13317.0,143,71,72,72,0,13,7508.0,645,322,323,323,0,15,32690.0,173,86,87,87,0,15,7211.0,409,204,205,205,0,19,19903.0,387,193,194,194,0,16,18811.0,213,106,107,107,0,14,10455.0,183,91,92,92,0,14,8313.0,265,132,133,133,0,17,12770.0,623,311,312,312,0,16,30597.0,233,116,117,117,0,16,11823.0,627,313,314,314,0,21,29731.0,361,180,181,181,0,15,17086.0,267,133,134,134,0,18,12331.0,265,132,133,133,0,15,12260.0,1125,562,563,563,0,21,54987.0,587,293,294,294,0,17,28124.0,17,8,9,9,0,5,798.0,251,125,126,126,0,15,12222.0
80900,229,114,115,115,0,12,10021.0,287,143,144,144,0,16,13876.0,157,78,79,79,0,13,8096.0,655,327,328,328,0,15,33298.0,181,90,91,91,0,15,7836.0,425,212,213,213,0,19,20509.0,403,201,202,202,0,16,19453.0,233,116,117,117,0,14,11061.0,195,97,98,98,0,14,8919.0,285,142,143,143,0,17,13373.0,637,318,319,319,0,16,31184.0,249,124,125,125,0,16,12441.0,647,323,324,324,0,21,30328.0,375,187,188,188,0,16,17699.0,277,138,139,139,0,18,12926.0,275,137,138,138,0,15,12844.0,1141,570,571,571,0,21,55575.0,597,298,299,299,0,17,28724.0,31,15,16,16,0,8,1369.0,259,129,130,130,0,15,12827.0
81000,245,122,123,123,0,12,10626.0,303,151,152,152,0,16,14444.0,171,85,86,86,0,14,8696.0,663,331,332,332,0,15,33869.0,193,96,97,97,0,15,8457.0,439,219,220,220,0,19,21127.0,413,206,207,207,0,16,20064.0,237,118,119,119,0,15,11659.0,201,100,101,101,0,14,9525.0,305,152,153,153,0,17,14005.0,645,322,323,323,0,16,31765.0,259,129,130,130,0,16,13058.0,661,330,331,331,0,21,30935.0,383,191,192,192,0,16,18319.0,295,147,148,148,0,19,13523.0,285,142,143,143,0,15,13414.0,1149,574,575,575,0,21,56128.0,609,304,305,305,0,17,29360.0,39,19,20,20,0,9,1933.0,269,134,135,135,0,15,13386.0
81100,253,126,127,127,0,12,11194.0,151,75,76,76,0,14,7363.0,181,90,91,91,0,14,9277.0,671,335,336,336,0,15,34456.0,201,100,101,101,0,15,9041.0,449,224,225,225,0,19,21716.0,425,212,213,213,0,16,20651.0,247,123,124,124,0,15,12265.0,219,109,110,110,0,14,10129.0,315,157,158,158,0,17,14605.0,667,333,334,334,0,16,32353.0,283,141,142,142,0,17,13680.0,673,336,337,337,0,21,31540.0,399,199,200,200,0,16,18955.0,311,155,156,156,0,19,14171.0,295,147,148,148,0,16,14015.0,1155,577,578,578,0,21,56706.0,613,306,307,307,0,17,29931.0,55,27,28,28,0,10,2518.0,289,144,145,145,0,15,14030.0
81200,263,131,132,132,0,12,11816.0,165,82,83,83,0,14,7932.0,193,96,97,97,0,14,9883.0,691,345,346,346,0,16,35059.0,213,106,107,107,0,15,9634.0,467,233,234,234,0,19,22389.0,433,216,217,217,0,17,21264.0,255,127,128,128,0,15,12829.0,229,114,115,115,0,14,10722.0,331,165,166,166,0,18,15182.0,681,340,341,341,0,16,32932.0,301,150,151,151,0,17,14301.0,687,343,344,344,0,21,32097.0,413,206,207,207,0,16,19540.0,321,160,161,161,0,19,14755.0,303,151,152,152,0,16,14611.0,1159,579,580,580,0,21,57327.0,617,308,309,309,0,17,30510.0,71,35,36,36,0,11,3046.0,295,147,148,148,0,15,14582.0
81300,279,139,140,140,0,13,12398.0,175,87,88,88,0,14,8531.0,201,100,101,101,0,14,10455.0,701,350,351,351,0,16,35640.0,219,109,110,110,0,15,10247.0,481,240,241,241,0,19,22990.0,441,220,221,221,0,17,21862.0,267,133,134,134,0,15,13444.0,241,120,121,121,0,14,11319.0,343,171,172,172,0,18,15754.0,695,347,348,348,0,16,33497.0,309,154,155,155,0,17,14898.0,697,348,349,349,0,21,32655.0,439,219,220,220,0,16,20131.0,345,172,173,173,0,20,15365.0,317,158,159,159,0,16,15232.0,1171,585,586,586,0,21,57932.0,621,310,311,311,0,17,31120.0,83,41,42,42,0,12,3665.0,39,19,20,20,0,9,1622.0
81400,293,146,147,147,0,13,13030.0,195,97,98,98,0,15,9112.0,215,107,108,108,0,15,11046.0,713,356,357,357,0,16,36271.0,227,113,114,114,0,16,10882.0,495,247,248,248,0,19,23617.0,457,228,229,229,0,17,22489.0,277,138,139,139,0,16,14088.0,261,130,131,131,0,15,11994.0,355,177,178,178,0,18,16367.0,705,352,353,353,0,16,34086.0,321,160,161,161,0,17,15479.0,711,355,356,356,0,22,33222.0,451,225,226,226,0,16,20718.0,357,178,179,179,0,20,15967.0,329,164,165,165,0,16,15867.0,1183,591,592,592,0,21,58527.0,631,315,316,316,0,17,31728.0,95,47,48,48,0,12,4251.0,47,23,24,24,0,9,2208.0
81500,297,148,149,149,0,13,13717.0,213,106,107,107,0,15,9724.0,223,111,112,112,0,15,11616.0,731,365,366,366,0,16,36900.0,245,122,123,123,0,16,11474.0,505,252,253,253,0,19,24222.0,475,237,238,238,0,17,23052.0,293,146,147,147,0,16,14714.0,273,136,137,137,0,15,12625.0,361,180,181,181,0,18,16912.0,711,355,356,356,0,16,34678.0,327,163,164,164,0,17,16114.0,715,357,358,358,0,22,33838.0,463,231,232,232,0,16,21326.0,365,182,183,183,0,20,16567.0,339,169,170,170,0,16,16460.0,1197,598,599,599,0,21,59147.0,641,320,321,321,0,17,32308.0,105,52,53,53,0,13,4879.0,59,29,30,30,0,10,2800.0
81600,311,155,156,156,0,14,14343.0,231,115,116,116,0,15,10296.0,237,118,119,119,0,15,12210.0,747,373,374,374,0,16,37486.0,261,130,131,131,0,16,12042.0,525,262,263,263,0,19,24841.0,489,244,245,245,0,17,23642.0,301,150,151,151,0,16,15335.0,41,20,21,21,0,9,2109.0,369,184,185,185,0,18,17512.0,729,364,365,365,0,17,35285.0,335,167,168,168,0,17,16723.0,727,363,364,364,0,22,34440.0,475,237,238,238,0,16,21923.0,103,51,52,52,0,10,4937.0,355,177,178,178,0,16,17040.0,1205,602,603,603,0,21,59740.0,247,123,124,124,0,15,11991.0,115,57,58,58,0,13,5511.0,75,37,38,38,0,11,3429.0
81700,325,162,163,163,0,14,14933.0,239,119,120,120,0,16,10889.0,251,125,126,126,0,15,12819.0,753,376,377,377,0,16,38063.0,277,138,139,139,0,16,12611.0,533,266,267,267,0,19,25444.0,503,251,252,252,0,17,24293.0,317,158,159,159,0,16,15924.0,55,27,28,28,0,10,2713.0,377,188,189,189,0,18,18123.0,747,373,374,374,0,17,35868.0,343,171,172,172,0,17,17323.0,737,368,369,369,0,22,35030.0,489,244,245,245,0,16,22511.0,123,61,62,62,0,10,5599.0,371,185,186,186,0,16,17636.0,1225,612,613,613,0,22,60350.0,259,129,130,130,0,15,12619.0,131,65,66,66,0,13,6134.0,91,45,46,46,0,12,4021.0
81800,343,171,172,172,0,14,15492.0,249,124,125,125,0,16,11504.0,263,131,132,132,0,15,13392.0,761,380,381,381,0,16,38682.0,287,143,144,144,0,16,13203.0,545,272,273,273,0,20,26042.0,509,254,255,255,0,17,24921.0,331,165,166,166,0,17,16557.0,67,33,34,34,0,11,3290.0,395,197,198,198,0,19,18704.0,753,376,377,377,0,17,36470.0,345,172,173,173,0,17,17920.0,753,376,377,377,0,22,35623.0,499,249,250,250,0,16,23088.0,139,69,70,70,0,11,6204.0,381,190,191,191,0,16,18227.0,1233,616,617,617,0,22,60961.0,269,134,135,135,0,16,13213.0,143,71,72,72,0,13,6714.0,101,50,51,51,0,12,4650.0
81900,353,176,177,177,0,14,16066.0,263,131,132,132,0,16,12112.0,275,137,138,138,0,15,14013.0,775,387,388,388,0,16,39326.0,297,148,149,149,0,16,13803.0,555,277,278,278,0,20,26661.0,525,262,263,263,0,17,25537.0,343,171,172,172,0,17,17142.0,83,41,42,42,0,12,3922.0,409,204,205,205,0,19,19315.0,761,380,381,381,0,17,37038.0,361,180,181,181,0,18,18522.0,765,382,383,383,0,22,36224.0,515,257,258,258,0,16,23684.0,149,74,75,75,0,12,6788.0,391,195,196,196,0,16,18820.0,1241,620,621,621,0,22,61608.0,287,143,144,144,0,16,13839.0,157,78,79,79,0,13,7325.0,115,57,58,58,0,13,5241.0
82000,373,186,187,187,0,14,16639.0,279,139,140,140,0,16,12700.0,279,139,140,140,0,15,14632.0,785,392,393,393,0,16,39924.0,317,158,159,159,0,16,14380.0,565,282,283,283,0,20,27251.0,541,270,271,271,0,17,26127.0,353,176,177,177,0,17,17746.0,95,47,48,48,0,12,4538.0,427,213,214,214,0,19,19891.0,781,390,391,391,0,17,37663.0,369,184,185,185,0,18,19138.0,11,5,6,6,0,6,535.0,525,262,263,263,0,17,24332.0,157,78,79,79,0,12,7373.0,403,201,202,202,0,16,19413.0,1249,624,625,625,0,22,62197.0,297,148,149,149,0,16,14442.0,169,84,85,85,0,14,7965.0,129,64,65,65,0,13,5840.0
82100,379,189,190,190,0,14,17242.0,281,140,141,141,0,16,13289.0,285,142,143,143,0,15,15222.0,793,396,397,397,0,16,40528.0,333,166,167,167,0,17,14964.0,579,289,290,290,0,20,27880.0,553,276,277,277,0,17,26726.0,361,180,181,181,0,17,18337.0,103,51,52,52,0,13,5173.0,435,217,218,218,0,19,20531.0,787,393,394,394,0,17,38231.0,379,189,190,190,0,18,19731.0,21,10,11,11,0,7,1136.0,541,270,271,271,0,17,24967.0,169,84,85,85,0,12,7988.0,413,206,207,207,0,17,19979.0,1261,630,631,631,0,22,62795.0,317,158,159,159,0,16,15036.0,185,92,93,93,0,14,8559.0,131,65,66,66,0,13,6419.0
82200,389,194,195,195,0,14,17836.0,283,141,142,142,0,16,13903.0,295,147,148,148,0,16,15816.0,803,401,402,402,0,16,41143.0,341,170,171,171,0,17,15573.0,593,296,297,297,0,20,28495.0,561,280,281,281,0,17,27309.0,371,185,186,186,0,18,18903.0,107,53,54,54,0,13,5751.0,445,222,223,223,0,19,21114.0,797,398,399,399,0,17,38818.0,391,195,196,196,0,18,20329.0,37,18,19,19,0,8,1753.0,561,280,281,281,0,17,25580.0,185,92,93,93,0,14,8593.0,433,216,217,217,0,17,20584.0,1271,635,636,636,0,22,63406.0,331,165,166,166,0,16,15625.0,195,97,98,98,0,14,9125.0,143,71,72,72,0,14,6985.0
82300,403,201,202,202,0,14,18423.0,299,149,150,150,0,16,14510.0,311,155,156,156,0,16,16437.0,813,406,407,407,0,16,41734.0,359,179,180,180,0,17,16201.0,603,301,302,302,0,20,29090.0,575,287,288,288,0,17,27927.0,389,194,195,195,0,18,19503.0,117,58,59,59,0,14,6337.0,457,228,229,229,0,19,21688.0,829,414,415,415,0,17,39421.0,411,205,206,206,0,18,20920.0,47,23,24,24,0,9,2348.0,573,286,287,287,0,17,26145.0,195,97,98,98,0,14,9215.0,451,225,226,226,0,17,21168.0,1285,642,643,643,0,22,64003.0,347,173,174,174,0,16,16214.0,209,104,105,105,0,15,9719.0,151,75,76,76,0,14,7599.0
82400,415,207,208,208,0,14,19041.0,313,156,157,157,0,17,15103.0,317,158,159,159,0,16,17040.0,829,414,415,415,0,16,42279.0,377,188,189,189,0,17,16794.0,617,308,309,309,0,20,29681.0,585,292,293,293,0,17,28550.0,397,198,199,199,0,18,20085.0,123,61,62,62,0,15,6918.0,473,236,237,237,0,19,22272.0,839,419,420,420,0,17,39995.0,419,209,210,210,0,18,21510.0,67,33,34,34,0,10,2964.0,581,290,291,291,0,17,26748.0,205,102,103,103,0,14,9816.0,467,233,234,234,0,17,21789.0,1295,647,648,648,0,22,64626.0,363,181,182,182,0,16,16780.0,219,109,110,110,0,15,10367.0,161,80,81,81,0,14,8198.0
82500,431,215,216,216,0,14,19621.0,333,166,167,167,0,17,15687.0,337,168,169,169,0,16,17619.0,839,419,420,420,0,16,42884.0,391,195,196,196,0,17,17412.0,627,313,314,314,0,20,30271.0,599,299,300,300,0,18,29168.0,407,203,204,204,0,18,20694.0,143,71,72,72,0,15,7531.0,481,240,241,241,0,19,22849.0,855,427,428,428,0,17,40610.0,431,215,216,216,0,18,22148.0,81,40,41,41,0,11,3551.0,587,293,294,294,0,17,27323.0,215,107,108,108,0,14,10408.0,475,237,238,238,0,17,22446.0,1313,656,657,657,0,22,65194.0,373,186,187,187,0,16,17390.0,231,115,116,116,0,15,10964.0,173,86,87,87,0,15,8770.0
82600,453,226,227,227,0,15,20207.0,343,171,172,172,0,17,16270.0,353,176,177,177,0,16,18263.0,851,425,426,426,0,16,43475.0,401,200,201,201,0,17,18008.0,639,319,320,320,0,20,30905.0,617,308,309,309,0,18,29782.0,423,211,212,212,0,18,21322.0,153,76,77,77,0,15,8160.0,491,245,246,246,0,19,23434.0,865,432,433,433,0,17,41197.0,447,223,224,224,0,18,22764.0,91,45,46,46,0,11,4165.0,597,298,299,299,0,17,27948.0,225,112,113,113,0,15,10991.0,487,243,244,244,0,17,23017.0,1329,664,665,665,0,22,65809.0,387,193,194,194,0,16,17982.0,243,121,122,122,0,15,11537.0,187,93,94,94,0,15,9384.0
82700,469,234,235,235,0,15,20782.0,359,179,180,180,0,17,16854.0,365,182,183,183,0,16,18853.0,865,432,433,433,0,16,44091.0,413,206,207,207,0,17,18582.0,649,324,325,325,0,20,31491.0,631,315,316,316,0,18,30349.0,429,214,215,215,0,18,21931.0,159,79,80,80,0,15,8780.0,509,254,255,255,0,20,24052.0,879,439,440,440,0,17,41767.0,467,233,234,234,0,18,23339.0,103,51,52,52,0,11,4773.0,613,306,307,307,0,17,28556.0,231,115,116,116,0,15,11603.0,501,250,251,251,0,17,23631.0,1341,670,671,671,0,22,66411.0,391,195,196,196,0,16,18563.0,257,128,129,129,0,15,12128.0,199,99,100,100,0,16,10007.0
82800,477,238,239,239,0,15,21378.0,365,182,183,183,0,17,17472.0,381,190,191,191,0,17,19484.0,869,434,435,435,0,16,44698.0,417,208,209,209,0,17,19170.0,655,327,328,328,0,20,32084.0,641,320,321,321,0,18,30911.0,435,217,218,218,0,18,22466.0,171,85,86,86,0,15,9382.0,37,18,19,19,0,9,1370.0,891,445,446,446,0,17,42377.0,487,243,244,244,0,19,23975.0,117,58,59,59,0,11,5357.0,631,315,316,316,0,17,29180.0,243,121,122,122,0,15,12169.0,515,257,258,258,0,17,24259.0,1345,672,673,673,0,22,66979.0,397,198,199,199,0,16,19162.0,265,132,133,133,0,15,12781.0,221,110,111,111,0,16,10604.0
82900,493,246,247,247,0,15,21998.0,383,191,192,192,0,17,18055.0,393,196,197,197,0,17,20101.0,875,437,438,438,0,16,45286.0,427,213,214,214,0,18,19740.0,671,335,336,336,0,20,32705.0,653,326,327,327,0,18,31500.0,449,224,225,225,0,18,23076.0,191,95,96,96,0,16,9981.0,51,25,26,26,0,11,1949.0,905,452,453,453,0,17,42972.0,495,247,248,248,0,19,24587.0,131,65,66,66,0,11,5927.0,639,319,320,320,0,17,29728.0,249,124,125,125,0,15,12774.0,531,265,266,266,0,17,24882.0,1357,678,679,679,0,22,67561.0,421,210,211,211,0,17,19791.0,271,135,136,136,0,15,13363.0,223,111,112,112,0,16,11254.0
83000,501,250,251,251,0,15,22558.0,391,195,196,196,0,17,18599.0,405,202,203,203,0,17,20688.0,889,444,445,445,0,16,45918.0,433,216,217,217,0,18,20318.0,689,344,345,345,0,20,33312.0,661,330,331,331,0,18,32093.0,471,235,236,236,0,18,23698.0,203,101,102,102,0,16,10555.0,67,33,34,34,0,13,2525.0,923,461,462,462,0,17,43550.0,501,250,251,251,0,19,25184.0,23,11,12,12,0,5,1693.0,647,323,324,324,0,17,30365.0,263,131,132,132,0,16,13367.0,549,274,275,275,0,17,25530.0,1371,685,686,686,0,22,68142.0,433,216,217,217,0,17,20415.0,283,141,142,142,0,15,13950.0,245,122,123,123,0,17,11885.0
83100,515,257,258,258,0,15,23181.0,401,200,201,201,0,17,19182.0,419,209,210,210,0,17,21303.0,903,451,452,452,0,16,46531.0,455,227,228,228,0,18,20960.0,701,350,351,351,0,20,33915.0,673,336,337,337,0,18,32715.0,479,239,240,240,0,18,24305.0,217,108,109,109,0,16,11154.0,77,38,39,39,0,14,3127.0,203,101,102,102,0,14,9044.0,513,256,257,257,0,19,25762.0,35,17,18,18,0,7,2325.0,661,330,331,331,0,17,30956.0,279,139,140,140,0,16,13955.0,561,280,281,281,0,17,26107.0,1381,690,691,691,0,22,68752.0,445,222,223,223,0,17,20994.0,297,148,149,149,0,15,14544.0,257,128,129,129,0,17,12512.0
83200,521,260,261,261,0,15,23806.0,421,210,211,211,0,17,19776.0,429,214,215,215,0,17,21879.0,923,461,462,462,0,17,47130.0,473,236,237,237,0,18,21581.0,713,356,357,357,0,20,34505.0,697,348,349,349,0,18,33322.0,497,248,249,249,0,18,24904.0,219,109,110,110,0,16,11777.0,89,44,45,45,0,15,3743.0,219,109,110,110,0,14,9631.0,527,263,264,264,0,19,26387.0,43,21,22,22,0,8,2898.0,669,334,335,335,0,18,31477.0,291,145,146,146,0,16,14556.0,575,287,288,288,0,18,26685.0,1385,692,693,693,0,22,69376.0,455,227,228,228,0,17,21603.0,313,156,157,157,0,15,15157.0,269,134,135,135,0,17,13107.0
83300,531,265,266,266,0,15,24432.0,429,214,215,215,0,17,20353.0,445,222,223,223,0,17,22501.0,935,467,468,468,0,17,47701.0,493,246,247,247,0,18,22176.0,719,359,360,360,0,20,35083.0,707,353,354,354,0,18,33951.0,505,252,253,253,0,18,25503.0,235,117,118,118,0,16,12409.0,101,50,51,51,0,15,4323.0,231,115,116,116,0,15,10204.0,531,265,266,266,0,19,26952.0,61,30,31,31,0,9,3469.0,683,341,342,342,0,18,32036.0,305,152,153,153,0,16,15161.0,589,294,295,295,0,18,27252.0,1393,696,697,697,0,22,70029.0,465,232,233,233,0,17,22234.0,327,163,164,164,0,15,15795.0,277,138,139,139,0,17,13701.0
83400,539,269,270,270,0,15,25090.0,445,222,223,223,0,17,20937.0,465,232,233,233,0,17,23096.0,943,471,472,472,0,17,48345.0,499,249,250,250,0,18,22771.0,739,369,370,370,0,20,35695.0,713,356,357,357,0,18,34575.0,515,257,258,258,0,18,26116.0,245,122,123,123,0,16,12983.0,115,57,58,58,0,16,4936.0,247,123,124,124,0,15,10787.0,543,271,272,272,0,19,27544.0,69,34,35,35,0,9,4073.0,689,344,345,345,0,18,32593.0,315,157,158,158,0,17,15795.0,601,300,301,301,0,18,27890.0,1407,703,704,704,0,22,70622.0,473,236,237,237,0,17,22791.0,341,170,171,171,0,15,16395.0,293,146,147,147,0,17,14342.0
83500,561,280,281,281,0,15,25706.0,453,226,227,227,0,17,21547.0,475,237,238,238,0,17,23695.0,951,475,476,476,0,17,48950.0,513,256,257,257,0,18,23392.0,745,372,373,373,0,20,36286.0,721,360,361,361,0,18,35221.0,527,263,264,264,0,18,26699.0,259,129,130,130,0,17,13548.0,125,62,63,63,0,16,5572.0,261,130,131,131,0,15,11354.0,565,282,283,283,0,19,28128.0,31,15,16,16,0,7,1237.0,701,350,351,351,0,18,33182.0,317,158,159,159,0,17,16349.0,613,306,307,307,0,18,28445.0,1421,710,711,711,0,22,71206.0,491,245,246,246,0,17,23399.0,351,175,176,176,0,15,16957.0,301,150,151,151,0,17,14958.0
83600,575,287,288,288,0,15,26305.0,469,234,235,235,0,17,22167.0,485,242,243,243,0,17,24315.0,961,480,481,481,0,17,49512.0,521,260,261,261,0,18,24007.0,763,381,382,382,0,20,36923.0,731,365,366,366,0,18,35857.0,543,271,272,272,0,19,27294.0,275,137,138,138,0,17,14107.0,135,67,68,68,0,17,6149.0,277,138,139,139,0,15,11920.0,585,292,293,293,0,19,28723.0,33,16,17,17,0,7,1806.0,715,357,358,358,0,18,33777.0,329,164,165,165,0,17,16938.0,623,311,312,312,0,18,29026.0,1437,718,719,719,0,22,71838.0,497,248,249,249,0,17,24009.0,369,184,185,185,0,15,17556.0,311,155,156,156,0,17,15587.0
83700,589,294,295,295,0,15,26910.0,481,240,241,241,0,17,22780.0,505,252,253,253,0,17,24895.0,969,484,485,485,0,17,50072.0,529,264,265,265,0,18,24597.0,771,385,386,386,0,20,37534.0,735,367,368,368,0,18,36488.0,565,282,283,283,0,19,27899.0,285,142,143,143,0,17,14687.0,147,73,74,74,0,17,6759.0,299,149,150,150,0,15,12557.0,599,299,300,300,0,19,29326.0,53,26,27,27,0,8,2399.0,727,363,364,364,0,18,34384.0,339,169,170,170,0,17,17532.0,631,315,316,316,0,18,29613.0,1447,723,724,724,0,22,72430.0,501,250,251,251,0,17,24614.0,389,194,195,195,0,16,18164.0,325,162,163,163,0,17,16189.0
83800,607,303,304,304,0,15,27556.0,489,244,245,245,0,17,23388.0,517,258,259,259,0,17,25497.0,983,491,492,492,0,17,50663.0,543,271,272,272,0,18,25193.0,791,395,396,396,0,20,38107.0,741,370,371,371,0,18,37116.0,569,284,285,285,0,19,28506.0,299,149,150,150,0,17,15321.0,165,82,83,83,0,17,7357.0,313,156,157,157,0,15,13139.0,611,305,306,306,0,19,29928.0,65,32,33,33,0,9,2985.0,739,369,370,370,0,18,34973.0,359,179,180,180,0,17,18136.0,643,321,322,322,0,18,30200.0,1449,724,725,725,0,22,73015.0,509,254,255,255,0,17,25205.0,395,197,198,198,0,16,18744.0,339,169,170,170,0,17,16825.0
83900,625,312,313,313,0,15,28154.0,497,248,249,249,0,17,23996.0,529,264,265,265,0,17,26094.0,993,496,497,497,0,17,51278.0,563,281,282,282,0,19,25786.0,797,398,399,399,0,20,38744.0,749,374,375,375,0,18,37763.0,581,290,291,291,0,19,29099.0,309,154,155,155,0,17,15946.0,179,89,90,90,0,17,7950.0,321,160,161,161,0,15,13741.0,617,308,309,309,0,19,30477.0,85,42,43,43,0,9,3607.0,753,376,377,377,0,18,35553.0,377,188,189,189,0,17,18734.0,657,328,329,329,0,18,30812.0,1455,727,728,728,0,22,73640.0,529,264,265,265,0,17,25844.0,411,205,206,206,0,16,19383.0,349,174,175,175,0,17,17424.0
84000,641,320,321,321,0,15,28771.0,511,255,256,256,0,17,24581.0,543,271,272,272,0,18,26697.0,1003,501,502,502,0,17,51906.0,577,288,289,289,0,19,26397.0,805,402,403,403,0,20,39305.0,759,379,380,380,0,18,38385.0,599,299,300,300,0,19,29737.0,327,163,164,164,0,17,16557.0,193,96,97,97,0,17,8525.0,335,167,168,168,0,16,14313.0,625,312,313,313,0,19,31082.0,101,50,51,51,0,11,4236.0,767,383,384,384,0,18,36207.0,391,195,196,196,0,17,19328.0,667,333,334,334,0,18,31400.0,1479,739,740,740,0,22,74239.0,543,271,272,272,0,18,26453.0,415,207,208,208,0,16,19973.0,357,178,179,179,0,17,18023.0
84100,651,325,326,326,0,15,29376.0,523,261,262,262,0,17,25198.0,549,274,275,275,0,18,27266.0,1011,505,506,506,0,17,52520.0,591,295,296,296,0,19,27002.0,825,412,413,413,0,20,39864.0,769,384,385,385,0,18,38983.0,605,302,303,303,0,19,30349.0,335,167,168,168,0,17,17123.0,203,101,102,102,0,17,9173.0,349,174,175,175,0,16,14956.0,633,316,317,317,0,19,31660.0,117,58,59,59,0,12,4833.0,787,393,394,394,0,18,36779.0,405,202,203,203,0,17,19929.0,677,338,339,339,0,18,32017.0,1497,748,749,749,0,22,74825.0,553,276,277,277,0,18,27084.0,423,211,212,212,0,16,20536.0,371,185,186,186,0,17,18601.0
84200,661,330,331,331,0,15,29966.0,533,266,267,267,0,17,25761.0,561,280,281,281,0,18,27899.0,1031,515,516,516,0,17,53130.0,599,299,300,300,0,19,27632.0,849,424,425,425,0,20,40500.0,787,393,394,394,0,18,39559.0,617,308,309,309,0,19,30917.0,349,174,175,175,0,17,17704.0,219,109,110,110,0,17,9773.0,365,182,183,183,0,16,15541.0,651,325,326,326,0,19,32275.0,119,59,60,60,0,12,5398.0,793,396,397,397,0,18,37391.0,413,206,207,207,0,17,20539.0,689,344,345,345,0,18,32634.0,1511,755,756,756,0,22,75415.0,563,281,282,282,0,18,27699.0,193,96,97,97,0,13,8077.0,387,193,194,194,0,18,19146.0
84300,669,334,335,335,0,16,30534.0,551,275,276,276,0,17,26338.0,569,284,285,285,0,18,28495.0,1045,522,523,523,0,17,53752.0,615,307,308,308,0,19,28201.0,859,429,430,430,0,20,41032.0,801,400,401,401,0,18,40174.0,641,320,321,321,0,19,31527.0,353,176,177,177,0,17,18296.0,233,116,117,117,0,17,10368.0,377,188,189,189,0,17,16123.0,663,331,332,332,0,19,32848.0,131,65,66,66,0,12,5987.0,803,401,402,402,0,18,38006.0,431,215,216,216,0,18,21157.0,709,354,355,355,0,18,33245.0,1525,762,763,763,0,22,75983.0,571,285,286,286,0,18,28301.0,199,99,100,100,0,13,8697.0,393,196,197,197,0,18,19731.0
84400,683,341,342,342,0,16,31129.0,567,283,284,284,0,18,26911.0,587,293,294,294,0,18,29124.0,1055,527,528,528,0,17,54336.0,631,315,316,316,0,19,28812.0,871,435,436,436,0,20,41665.0,815,407,408,408,0,18,40754.0,651,325,326,326,0,20,32119.0,369,184,185,185,0,17,18892.0,251,125,126,126,0,18,10972.0,391,195,196,196,0,17,16727.0,683,341,342,342,0,20,33455.0,145,72,73,73,0,12,6543.0,821,410,411,411,0,18,38638.0,441,220,221,221,0,18,21786.0,715,357,358,358,0,18,33867.0,1541,770,771,771,0,22,76588.0,585,292,293,293,0,18,28882.0,215,107,108,108,0,13,9264.0,409,204,205,205,0,18,20336.0
84500,695,347,348,348,0,16,31720.0,579,289,290,290,0,18,27492.0,603,301,302,302,0,18,29702.0,1063,531,532,532,0,17,54906.0,637,318,319,319,0,19,29384.0,887,443,444,444,0,20,42266.0,829,414,415,415,0,18,41367.0,661,330,331,331,0,20,32675.0,383,191,192,192,0,18,19520.0,263,131,132,132,0,18,11532.0,401,200,201,201,0,17,17337.0,695,347,348,348,0,20,34065.0,157,78,79,79,0,12,7148.0,835,417,418,418,0,18,39183.0,457,228,229,229,0,18,22405.0,727,363,364,364,0,18,34497.0,1555,777,778,778,0,22,77174.0,599,299,300,300,0,18,29454.0,225,112,113,113,0,14,9842.0,415,207,208,208,0,18,20941.0
84600,711,355,356,356,0,16,32339.0,587,293,294,294,0,18,28081.0,617,308,309,309,0,18,30343.0,1069,534,535,535,0,17,55512.0,649,324,325,325,0,19,29969.0,897,448,449,449,0,20,42875.0,839,419,420,420,0,19,41987.0,683,341,342,342,0,20,33288.0,397,198,199,199,0,18,20113.0,271,135,136,136,0,18,12130.0,423,211,212,212,0,17,17926.0,707,353,354,354,0,20,34703.0,167,83,84,84,0,12,7729.0,841,420,421,421,0,18,39771.0,475,237,238,238,0,18,23012.0,741,370,371,371,0,18,35079.0,1565,782,783,783,0,22,77773.0,609,304,305,305,0,18,30029.0,233,116,117,117,0,14,10453.0,429,214,215,215,0,18,21589.0
84700,725,362,363,363,0,16,32914.0,599,299,300,300,0,18,28672.0,639,319,320,320,0,18,30976.0,1077,538,539,539,0,17,56118.0,665,332,333,333,0,19,30589.0,905,452,453,453,0,20,43467.0,853,426,427,427,0,19,42611.0,39,19,20,20,0,10,1808.0,411,205,206,206,0,18,20657.0,285,142,143,143,0,18,12726.0,439,219,220,220,0,17,18510.0,731,365,366,366,0,20,35305.0,173,86,87,87,0,12,8304.0,851,425,426,426,0,18,40374.0,493,246,247,247,0,18,23665.0,757,378,379,379,0,18,35669.0,1583,791,792,792,0,22,78356.0,623,311,312,312,0,18,30624.0,243,121,122,122,0,14,11027.0,443,221,222,222,0,18,22181.0
84800,739,369,370,370,0,16,33508.0,623,311,312,312,0,19,29192.0,657,328,329,329,0,18,31573.0,1085,542,543,543,0,17,56726.0,679,339,340,340,0,19,31157.0,909,454,455,455,0,20,44034.0,867,433,434,434,0,19,43232.0,57,28,29,29,0,11,2381.0,423,211,212,212,0,19,21218.0,295,147,148,148,0,18,13345.0,455,227,228,228,0,17,19136.0,747,373,374,374,0,20,35916.0,187,93,94,94,0,13,8895.0,869,434,435,435,0,18,40967.0,501,250,251,251,0,18,24244.0,773,386,387,387,0,18,36297.0,1591,795,796,796,0,22,78949.0,637,318,319,319,0,18,31252.0,253,126,127,127,0,14,11580.0,461,230,231,231,0,18,22797.0
84900,753,376,377,377,0,16,34092.0,637,318,319,319,0,19,29814.0,665,332,333,333,0,19,32147.0,1097,548,549,549,0,18,57371.0,693,346,347,347,0,19,31762.0,921,460,461,461,0,20,44628.0,879,439,440,440,0,19,43790.0,63,31,32,32,0,11,2968.0,435,217,218,218,0,19,21841.0,307,153,154,154,0,18,13921.0,471,235,236,236,0,17,19690.0,755,377,378,378,0,20,36498.0,201,100,101,101,0,13,9498.0,881,440,441,441,0,18,41590.0,513,256,257,257,0,19,24846.0,789,394,395,395,0,18,36855.0,1603,801,802,802,0,22,79517.0,653,326,327,327,0,18,31889.0,261,130,131,131,0,14,12171.0,477,238,239,239,0,19,23401.0
85000,769,384,385,385,0,16,34700.0,651,325,326,326,0,19,30400.0,671,335,336,336,0,19,32726.0,1109,554,555,555,0,18,58009.0,713,356,357,357,0,19,32333.0,935,467,468,468,0,20,45210.0,897,448,449,449,0,19,44383.0,75,37,38,38,0,11,3526.0,447,223,224,224,0,19,22436.0,327,163,164,164,0,19,14530.0,479,239,240,240,0,18,20271.0,765,382,383,383,0,20,37106.0,209,104,105,105,0,13,10065.0,899,449,450,450,0,18,42171.0,521,260,261,261,0,19,25440.0,801,400,401,401,0,18,37450.0,1617,808,809,809,0,23,80150.0,663,331,332,332,0,18,32499.0,279,139,140,140,0,14,12763.0,489,244,245,245,0,19,23996.0
85100,781,390,391,391,0,16,35271.0,675,337,338,338,0,19,31006.0,683,341,342,342,0,19,33337.0,1123,561,562,562,0,18,58573.0,721,360,361,361,0,19,32936.0,951,475,476,476,0,21,45820.0,903,451,452,452,0,19,44958.0,91,45,46,46,0,12,4126.0,463,231,232,232,0,19,23061.0,11,5,6,6,0,4,550.0,481,240,241,241,0,18,20907.0,773,386,387,387,0,20,37728.0,225,112,113,113,0,14,10678.0,915,457,458,458,0,18,42781.0,531,265,266,266,0,19,26054.0,813,406,407,407,0,18,38074.0,1623,811,812,812,0,23,80740.0,675,337,338,338,0,18,33111.0,291,145,146,146,0,14,13384.0,505,252,253,253,0,19,24581.0
85200,791,395,396,396,0,16,35934.0,687,343,344,344,0,19,31564.0,697,348,349,349,0,19,33911.0,1139,569,570,570,0,18,59210.0,735,367,368,368,0,20,33509.0,967,483,484,484,0,21,46399.0,913,456,457,457,0,19,45549.0,93,46,47,47,0,12,4757.0,467,233,234,234,0,19,23683.0,27,13,14,14,0,6,1199.0,491,245,246,246,0,18,21448.0,789,394,395,395,0,20,38374.0,239,119,120,120,0,14,11308.0,935,467,468,468,0,18,43412.0,539,269,270,270,0,19,26612.0,827,413,414,414,0,18,38710.0,1645,822,823,823,0,23,81313.0,687,343,344,344,0,18,33716.0,301,150,151,151,0,14,13970.0,515,257,258,258,0,19,25152.0
85300,799,399,400,400,0,16,36529.0,701,350,351,351,0,19,32173.0,705,352,353,353,0,19,34547.0,1155,577,578,578,0,18,59796.0,753,376,377,377,0,20,34122.0,975,487,488,488,0,21,46979.0,931,465,466,466,0,19,46183.0,115,57,58,58,0,12,5312.0,483,241,242,242,0,19,24274.0,37,18,19,19,0,7,1768.0,505,252,253,253,0,18,22046.0,803,401,402,402,0,20,38968.0,249,124,125,125,0,14,11894.0,941,470,471,471,0,18,43999.0,551,275,276,276,0,19,27226.0,841,420,421,421,0,18,39298.0,1653,826,827,827,0,23,81906.0,701,350,351,351,0,18,34332.0,311,155,156,156,0,14,14564.0,527,263,264,264,0,19,25747.0
85400,809,404,405,405,0,16,37136.0,717,358,359,359,0,19,32767.0,713,356,357,357,0,19,35094.0,1163,581,582,582,0,18,60403.0,771,385,386,386,0,20,34720.0,981,490,491,491,0,21,47518.0,949,474,475,475,0,19,46778.0,123,61,62,62,0,13,5880.0,493,246,247,247,0,19,24872.0,53,26,27,27,0,9,2382.0,525,262,263,263,0,18,22640.0,813,406,407,407,0,20,39587.0,259,129,130,130,0,14,12464.0,953,476,477,477,0,18,44602.0,563,281,282,282,0,19,27850.0,853,426,427,427,0,18,39923.0,1667,833,834,834,0,23,82542.0,717,358,359,359,0,19,34917.0,323,161,162,162,0,14,15178.0,535,267,268,268,0,19,26355.0
85500,823,411,412,412,0,16,37765.0,721,360,361,361,0,19,33368.0,731,365,366,366,0,19,35665.0,1171,585,586,586,0,18,61025.0,779,389,390,390,0,20,35320.0,999,499,500,500,0,21,48070.0,959,479,480,480,0,19,47380.0,133,66,67,67,0,13,6486.0,503,251,252,252,0,19,25435.0,67,33,34,34,0,9,3005.0,539,269,270,270,0,18,23217.0,821,410,411,411,0,20,40200.0,271,135,136,136,0,14,13096.0,969,484,485,485,0,18,45231.0,573,286,287,287,0,19,28437.0,869,434,435,435,0,18,40540.0,1675,837,838,838,0,23,83138.0,731,365,366,366,0,19,35511.0,343,171,172,172,0,14,15806.0,537,268,269,269,0,19,26942.0
85600,843,421,422,422,0,17,38396.0,731,365,366,366,0,20,33955.0,751,375,376,376,0,19,36262.0,1181,590,591,591,0,18,61638.0,791,395,396,396,0,20,35885.0,1011,505,506,506,0,21,48666.0,973,486,487,487,0,19,48016.0,145,72,73,73,0,14,7062.0,515,257,258,258,0,19,26038.0,75,37,38,38,0,9,3586.0,555,277,278,278,0,19,23824.0,827,413,414,414,0,20,40815.0,31,15,16,16,0,8,1529.0,991,495,496,496,0,19,45839.0,579,289,290,290,0,19,29025.0,887,443,444,444,0,18,41126.0,1681,840,841,841,0,23,83734.0,751,375,376,376,0,19,36126.0,357,178,179,179,0,14,16393.0,553,276,277,277,0,19,27537.0
85700,851,425,426,426,0,17,38964.0,741,370,371,371,0,20,34550.0,763,381,382,382,0,19,36885.0,59,29,30,30,0,10,2750.0,807,403,404,404,0,20,36466.0,1033,516,517,517,0,21,49240.0,987,493,494,494,0,19,48627.0,161,80,81,81,0,14,7642.0,523,261,262,262,0,19,26612.0,85,42,43,43,0,9,4203.0,573,286,287,287,0,19,24393.0,835,417,418,418,0,20,41402.0,51,25,26,26,0,9,2142.0,1007,503,504,504,0,19,46448.0,585,292,293,293,0,19,29645.0,897,448,449,449,0,18,41774.0,1691,845,846,846,0,23,84324.0,765,382,383,383,0,19,36769.0,369,184,185,185,0,14,16983.0,567,283,284,284,0,19,28168.0
85800,863,431,432,432,0,17,39550.0,751,375,376,376,0,20,35132.0,779,389,390,390,0,19,37483.0,71,35,36,36,0,11,3316.0,825,412,413,413,0,20,37073.0,1045,522,523,523,0,21,49863.0,1003,501,502,502,0,19,49296.0,171,85,86,86,0,14,8256.0,533,266,267,267,0,19,27228.0,101,50,51,51,0,10,4782.0,587,293,294,294,0,19,25007.0,853,426,427,427,0,20,42036.0,63,31,32,32,0,10,2759.0,1013,506,507,507,0,19,47037.0,591,295,296,296,0,19,30225.0,905,452,453,453,0,19,42424.0,1701,850,851,851,0,23,84939.0,777,388,389,389,0,19,37387.0,377,188,189,189,0,14,17559.0,583,291,292,292,0,19,28760.0
85900,871,435,436,436,0,17,40157.0,759,379,380,380,0,20,35746.0,793,396,397,397,0,19,38070.0,85,42,43,43,0,11,3934.0,839,419,420,420,0,20,37667.0,1057,528,529,529,0,21,50465.0,1019,509,510,510,0,19,49916.0,189,94,95,95,0,14,8865.0,537,268,269,269,0,19,27844.0,115,57,58,58,0,10,5384.0,595,297,298,298,0,19,25622.0,867,433,434,434,0,20,42593.0,75,37,38,38,0,11,3381.0,1027,513,514,514,0,19,47633.0,601,300,301,301,0,19,30843.0,921,460,461,461,0,19,43050.0,1711,855,856,856,0,23,85525.0,791,395,396,396,0,19,37977.0,385,192,193,193,0,14,18132.0,605,302,303,303,0,19,29371.0
86000,891,445,446,446,0,17,40746.0,769,384,385,385,0,20,36340.0,803,401,402,402,0,19,38681.0,99,49,50,50,0,12,4532.0,855,427,428,428,0,20,38241.0,1065,532,533,533,0,21,51008.0,1033,516,517,517,0,19,50515.0,199,99,100,100,0,15,9447.0,555,277,278,278,0,19,28448.0,133,66,67,67,0,10,5959.0,611,305,306,306,0,19,26211.0,877,438,439,439,0,20,43166.0,95,47,48,48,0,12,3995.0,1035,517,518,518,0,19,48244.0,615,307,308,308,0,19,31449.0,941,470,471,471,0,19,43641.0,1725,862,863,863,0,23,86153.0,805,402,403,403,0,19,38558.0,401,200,201,201,0,15,18779.0,611,305,306,306,0,20,29955.0
86100,909,454,455,455,0,17,41358.0,787,393,394,394,0,20,36969.0,817,408,409,409,0,19,39310.0,113,56,57,57,0,12,5131.0,863,431,432,432,0,20,38846.0,1077,538,539,539,0,21,51606.0,1049,524,525,525,0,19,51084.0,213,106,107,107,0,15,10065.0,561,280,281,281,0,19,29021.0,143,71,72,72,0,10,6553.0,621,310,311,311,0,19,26801.0,889,444,445,445,0,20,43759.0,107,53,54,54,0,12,4580.0,1043,521,522,522,0,19,48838.0,621,310,311,311,0,19,32016.0,947,473,474,474,0,19,44250.0,1743,871,872,872,0,23,86731.0,813,406,407,407,0,19,39141.0,417,208,209,209,0,15,19427.0,625,312,313,313,0,20,30592.0
86200,923,461,462,462,0,17,41983.0,803,401,402,402,0,21,37575.0,833,416,417,417,0,20,39942.0,131,65,66,66,0,12,5712.0,877,438,439,439,0,20,39436.0,1089,544,545,545,0,21,52199.0,1061,530,531,531,0,19,51678.0,223,111,112,112,0,15,10654.0,575,287,288,288,0,19,29621.0,155,77,78,78,0,11,7128.0,635,317,318,318,0,19,27389.0,901,450,451,451,0,20,44374.0,125,62,63,63,0,13,5186.0,1065,532,533,533,0,19,49422.0,635,317,318,318,0,20,32623.0,961,480,481,481,0,19,44810.0,1755,877,878,878,0,23,87325.0,825,412,413,413,0,19,39706.0,425,212,213,213,0,15,20003.0,635,317,318,318,0,20,31210.0
86300,945,472,473,473,0,17,42603.0,811,405,406,406,0,21,38182.0,849,424,425,425,0,20,40530.0,145,72,73,73,0,13,6313.0,881,440,441,441,0,21,40028.0,1107,553,554,554,0,22,52815.0,1067,533,534,534,0,19,52264.0,229,114,115,115,0,15,11232.0,585,292,293,293,0,19,30226.0,161,80,81,81,0,11,7743.0,643,321,322,322,0,19,28051.0,903,451,452,452,0,20,44974.0,129,64,65,65,0,13,5789.0,1081,540,541,541,0,19,50033.0,645,322,323,323,0,20,33236.0,971,485,486,486,0,19,45427.0,1769,884,885,885,0,23,87947.0,831,415,416,416,0,19,40277.0,431,215,216,216,0,15,20618.0,653,326,327,327,0,20,31804.0
86400,953,476,477,477,0,17,43195.0,819,409,410,410,0,21,38737.0,11,5,6,6,0,5,385.0,159,79,80,80,0,13,6909.0,903,451,452,452,0,21,40601.0,1121,560,561,561,0,22,53399.0,1079,539,540,540,0,20,52887.0,243,121,122,122,0,15,11806.0,601,300,301,301,0,19,30810.0,171,85,86,86,0,11,8349.0,653,326,327,327,0,19,28675.0,917,458,459,459,0,20,45586.0,141,70,71,71,0,13,6371.0,1097,548,549,549,0,19,50636.0,657,328,329,329,0,20,33811.0,989,494,495,495,0,19,46026.0,1781,890,891,891,0,23,88587.0,841,420,421,421,0,20,40906.0,451,225,226,226,0,15,21214.0,663,331,332,332,0,20,32354.0
86500,971,485,486,486,0,17,43793.0,835,417,418,418,0,21,39339.0,27,13,14,14,0,7,973.0,167,83,84,84,0,13,7518.0,915,457,458,458,0,21,41195.0,1135,567,568,568,0,22,53968.0,1089,544,545,545,0,20,53492.0,255,127,128,128,0,15,12411.0,617,308,309,309,0,19,31451.0,183,91,92,92,0,12,8961.0,671,335,336,336,0,19,29283.0,57,28,29,29,0,9,2909.0,157,78,79,79,0,13,6957.0,1103,551,552,552,0,19,51239.0,669,334,335,335,0,20,34418.0,1001,500,501,501,0,19,46622.0,1791,895,896,896,0,23,89217.0,857,428,429,429,0,20,41498.0,467,233,234,234,0,15,21793.0,679,339,340,340,0,20,32977.0
86600,977,488,489,489,0,17,44415.0,841,420,421,421,0,21,39947.0,41,20,21,21,0,8,1595.0,185,92,93,93,0,14,8057.0,929,464,465,465,0,21,41811.0,1143,571,572,572,0,22,54568.0,1105,552,553,553,0,20,54074.0,263,131,132,132,0,15,13008.0,625,312,313,313,0,19,32062.0,195,97,98,98,0,12,9575.0,681,340,341,341,0,19,29932.0,67,33,34,34,0,10,3510.0,165,82,83,83,0,14,7546.0,1119,559,560,560,0,19,51888.0,683,341,342,342,0,20,35030.0,1009,504,505,505,0,19,47237.0,1797,898,899,899,0,23,89785.0,871,435,436,436,0,20,42098.0,481,240,241,241,0,16,22377.0,697,348,349,349,0,20,33585.0
86700,983,491,492,492,0,17,45019.0,861,430,431,431,0,21,40535.0,53,26,27,27,0,9,2175.0,193,96,97,97,0,14,8676.0,943,471,472,472,0,21,42428.0,1165,582,583,583,0,22,55144.0,1115,557,558,558,0,20,54659.0,273,136,137,137,0,15,13585.0,639,319,320,320,0,19,32702.0,203,101,102,102,0,12,10147.0,695,347,348,348,0,19,30517.0,77,38,39,39,0,10,4138.0,183,91,92,92,0,15,8164.0,1141,570,571,571,0,19,52513.0,695,347,348,348,0,20,35630.0,1029,514,515,515,0,19,47858.0,1809,904,905,905,0,23,90373.0,883,441,442,442,0,20,42702.0,491,245,246,246,0,16,23015.0,709,354,355,355,0,20,34202.0
86800,1001,500,501,501,0,17,45588.0,869,434,435,435,0,21,41165.0,67,33,34,34,0,10,2788.0,205,102,103,103,0,14,9242.0,961,480,481,481,0,21,43053.0,1179,589,590,590,0,22,55733.0,1129,564,565,565,0,20,55289.0,289,144,145,145,0,16,14182.0,653,326,327,327,0,20,33292.0,213,106,107,107,0,12,10756.0,703,351,352,352,0,19,31097.0,97,48,49,49,0,10,4735.0,191,95,96,96,0,15,8800.0,1149,574,575,575,0,19,53129.0,711,355,356,356,0,20,36237.0,1047,523,524,524,0,20,48458.0,1819,909,910,910,0,23,90974.0,901,450,451,451,0,20,43279.0,505,252,253,253,0,16,23638.0,719,359,360,360,0,20,34801.0
86900,1011,505,506,506,0,17,46213.0,887,443,444,444,0,21,41772.0,83,41,42,42,0,10,3367.0,209,104,105,105,0,14,9815.0,983,491,492,492,0,22,43680.0,1187,593,594,594,0,22,56305.0,1141,570,571,571,0,20,55913.0,299,149,150,150,0,16,14757.0,663,331,332,332,0,20,33869.0,225,112,113,113,0,12,11362.0,711,355,356,356,0,19,31704.0,107,53,54,54,0,10,5348.0,197,98,99,99,0,15,9387.0,1169,584,585,585,0,19,53742.0,721,360,361,361,0,20,36828.0,1057,528,529,529,0,20,49015.0,1827,913,914,914,0,23,91529.0,911,455,456,456,0,20,43879.0,517,258,259,259,0,16,24266.0,731,365,366,366,0,20,35383.0
87000,1021,510,511,511,0,17,46805.0,895,447,448,448,0,21,42348.0,97,48,49,49,0,10,3964.0,223,111,112,112,0,14,10417.0,991,495,496,496,0,22,44291.0,1195,597,598,598,0,22,56912.0,1157,578,579,579,0,20,56502.0,317,158,159,159,0,16,15352.0,681,340,341,341,0,20,34473.0,233,116,117,117,0,12,11999.0,719,359,360,360,0,19,32322.0,121,60,61,61,0,11,5928.0,207,103,104,104,0,15,9991.0,1175,587,588,588,0,19,54371.0,741,370,371,371,0,20,37438.0,1071,535,536,536,0,20,49615.0,1843,921,922,922,0,23,92103.0,935,467,468,468,0,20,44451.0,527,263,264,264,0,16,24882.0,743,371,372,372,0,20,35974.0
87100,1029,514,515,515,0,17,47432.0,907,453,454,454,0,21,43009.0,105,52,53,53,0,11,4573.0,237,118,119,119,0,14,11007.0,997,498,499,499,0,22,44902.0,1213,606,607,607,0,22,57475.0,1171,585,586,586,0,20,57131.0,327,163,164,164,0,16,15947.0,699,349,350,350,0,20,35078.0,261,130,131,131,0,13,12621.0,731,365,366,366,0,19,32926.0,133,66,67,67,0,11,6525.0,231,115,116,116,0,16,10610.0,1189,594,595,595,0,19,54998.0,759,379,380,380,0,20,38078.0,1077,538,539,539,0,20,50225.0,1853,926,927,927,0,23,92703.0,945,472,473,473,0,20,45050.0,535,267,268,268,0,16,25514.0,757,378,379,379,0,20,36597.0
87200,1037,518,519,519,0,17,48019.0,923,461,462,462,0,21,43592.0,127,63,64,64,0,11,5222.0,243,121,122,122,0,14,11605.0,1005,502,503,503,0,22,45535.0,1227,613,614,614,0,22,58070.0,1185,592,593,593,0,20,57712.0,329,164,165,165,0,16,16509.0,707,353,354,354,0,20,35670.0,279,139,140,140,0,13,13198.0,739,369,370,370,0,19,33496.0,153,76,77,77,0,11,7113.0,255,127,128,128,0,16,11240.0,1199,599,600,600,0,19,55616.0,777,388,389,389,0,20,38641.0,1089,544,545,545,0,20,50822.0,1873,936,937,937,0,23,93286.0,957,478,479,479,0,20,45671.0,545,272,273,273,0,16,26086.0,767,383,384,384,0,20,37141.0
87300,1043,521,522,522,0,17,48584.0,933,466,467,467,0,21,44215.0,133,66,67,67,0,11,5814.0,253,126,127,127,0,14,12188.0,1015,507,508,508,0,22,46132.0,1245,622,623,623,0,22,58663.0,1195,597,598,598,0,20,58282.0,345,172,173,173,0,16,17099.0,719,359,360,360,0,20,36322.0,285,142,143,143,0,13,13799.0,755,377,378,378,0,19,34087.0,165,82,83,83,0,11,7710.0,257,128,129,129,0,16,11863.0,1225,612,613,613,0,19,56185.0,785,392,393,393,0,20,39260.0,1099,549,550,550,0,20,51369.0,1883,941,942,942,0,23,93911.0,981,490,491,491,0,20,46280.0,557,278,279,279,0,16,26674.0,779,389,390,390,0,20,37766.0
87400,1059,529,530,530,0,17,49231.0,947,473,474,474,0,21,44801.0,143,71,72,72,0,12,6391.0,267,133,134,134,0,15,12789.0,1031,515,516,516,0,22,46723.0,1253,626,627,627,0,22,59271.0,1203,601,602,602,0,20,58849.0,365,182,183,183,0,16,17694.0,731,365,366,366,0,20,36922.0,289,144,145,145,0,13,14368.0,771,385,386,386,0,19,34699.0,177,88,89,89,0,12,8275.0,271,135,136,136,0,16,12443.0,1239,619,620,620,0,19,56802.0,797,398,399,399,0,20,39830.0,1115,557,558,558,0,20,51976.0,1895,947,948,948,0,23,94482.0,985,492,493,493,0,20,46845.0,563,281,282,282,0,16,27246.0,789,394,395,395,0,20,38406.0
87500,1073,536,537,537,0,17,49792.0,951,475,476,476,0,21,45345.0,149,74,75,75,0,12,6962.0,275,137,138,138,0,15,13374.0,1037,518,519,519,0,22,47345.0,1267,633,634,634,0,22,59897.0,1217,608,609,609,0,20,59467.0,375,187,188,188,0,16,18317.0,741,370,371,371,0,20,37520.0,309,154,155,155,0,14,14983.0,781,390,391,391,0,19,35273.0,189,94,95,95,0,12,8885.0,285,142,143,143,0,16,13054.0,1239,619,620,620,0,19,57387.0,811,405,406,406,0,21,40421.0,1125,562,563,563,0,20,52566.0,1905,952,953,953,0,23,95105.0,993,496,497,497,0,20,47443.0,585,292,293,293,0,16,27885.0,801,400,401,401,0,20,39018.0
87600,1101,550,551,551,0,18,50432.0,959,479,480,480,0,21,45923.0,165,82,83,83,0,12,7573.0,291,145,146,146,0,15,13942.0,1049,524,525,525,0,22,47907.0,1275,637,638,638,0,22,60473.0,1231,615,616,616,0,20,60048.0,385,192,193,193,0,17,18969.0,751,375,376,376,0,20,38100.0,327,163,164,164,0,14,15584.0,793,396,397,397,0,19,35878.0,199,99,100,100,0,13,9497.0,295,147,148,148,0,16,13659.0,1257,628,629,629,0,19,57976.0,831,415,416,416,0,21,40992.0,1139,569,570,570,0,20,53175.0,1915,957,958,958,0,23,95678.0,1009,504,505,505,0,20,48061.0,591,295,296,296,0,16,28483.0,821,410,411,411,0,20,39602.0
87700,1109,554,555,555,0,18,51020.0,967,483,484,484,0,21,46530.0,177,88,89,89,0,12,8137.0,311,155,156,156,0,15,14582.0,1057,528,529,529,0,22,48451.0,1283,641,642,642,0,22,61050.0,1249,624,625,625,0,20,60637.0,399,199,200,200,0,17,19584.0,765,382,383,383,0,20,38718.0,337,168,169,169,0,14,16167.0,809,404,405,405,0,19,36484.0,217,108,109,109,0,13,10081.0,301,150,151,151,0,16,14233.0,1265,632,633,633,0,19,58596.0,845,422,423,423,0,21,41588.0,1155,577,578,578,0,20,53777.0,1927,963,964,964,0,23,96273.0,1019,509,510,510,0,20,48647.0,615,307,308,308,0,16,29091.0,835,417,418,418,0,20,40184.0
87800,1117,558,559,559,0,18,51597.0,993,496,497,497,0,21,47132.0,189,94,95,95,0,12,8719.0,321,160,161,161,0,16,15142.0,1071,535,536,536,0,22,49080.0,1293,646,647,647,0,22,61622.0,109,54,55,55,0,12,5384.0,411,205,206,206,0,17,20149.0,205,102,103,103,0,13,9086.0,347,173,174,174,0,14,16746.0,821,410,411,411,0,19,37065.0,225,112,113,113,0,13,10690.0,311,155,156,156,0,17,14868.0,1281,640,641,641,0,20,59182.0,857,428,429,429,0,21,42183.0,1169,584,585,585,0,20,54395.0,1947,973,974,974,0,23,96889.0,1023,511,512,512,0,20,49229.0,637,318,319,319,0,17,29675.0,853,426,427,427,0,20,40770.0
87900,1133,566,567,567,0,18,52190.0,1007,503,504,504,0,21,47715.0,201,100,101,101,0,12,9281.0,59,29,30,30,0,12,2381.0,1083,541,542,542,0,22,49707.0,1311,655,656,656,0,23,62246.0,119,59,60,60,0,12,6024.0,425,212,213,213,0,17,20737.0,217,108,109,109,0,14,9698.0,363,181,182,182,0,14,17347.0,833,416,417,417,0,19,37646.0,239,119,120,120,0,14,11314.0,325,162,163,163,0,17,15456.0,1299,649,650,650,0,20,59787.0,869,434,435,435,0,21,42806.0,1179,589,590,590,0,20,54932.0,1957,978,979,979,0,23,97515.0,1031,515,516,516,0,20,49817.0,655,327,328,328,0,17,30283.0,865,432,433,433,0,20,41335.0
88000,1145,572,573,573,0,18,52800.0,1025,512,513,513,0,21,48282.0,219,109,110,110,0,13,9881.0,71,35,36,36,0,12,2983.0,1095,547,548,548,0,22,50323.0,1329,664,665,665,0,23,62851.0,137,68,69,69,0,13,6636.0,437,218,219,219,0,17,21344.0,227,113,114,114,0,14,10310.0,381,190,191,191,0,14,17944.0,845,422,423,423,0,19,38250.0,251,125,126,126,0,14,11899.0,335,167,168,168,0,17,16014.0,1307,653,654,654,0,20,60355.0,881,440,441,441,0,21,43385.0,1195,597,598,598,0,20,55563.0,1967,983,984,984,0,23,98131.0,1045,522,523,523,0,20,50427.0,667,333,334,334,0,17,30874.0,883,441,442,442,0,20,41943.0
88100,1155,577,578,578,0,18,53390.0,1047,523,524,524,0,22,48877.0,223,111,112,112,0,13,10442.0,83,41,42,42,0,13,3566.0,1105,552,553,553,0,22,50931.0,1351,675,676,676,0,23,63422.0,147,73,74,74,0,13,7236.0,459,229,230,230,0,17,21911.0,249,124,125,125,0,14,10919.0,3,1,2,2,0,2,55.0,853,426,427,427,0,19,38872.0,271,135,136,136,0,14,12501.0,351,175,176,176,0,17,16633.0,1321,660,661,661,0,20,60985.0,887,443,444,444,0,21,43965.0,1205,602,603,603,0,20,56193.0,1979,989,990,990,0,23,98722.0,1059,529,530,530,0,21,51031.0,693,346,347,347,0,17,31431.0,889,444,445,445,0,21,42599.0
88200,1163,581,582,582,0,18,53948.0,1059,529,530,530,0,22,49507.0,241,120,121,121,0,13,11087.0,99,49,50,50,0,14,4171.0,1121,560,561,561,0,22,51530.0,1367,683,684,684,0,23,64001.0,153,76,77,77,0,13,7808.0,471,235,236,236,0,17,22524.0,263,131,132,132,0,14,11546.0,15,7,8,8,0,5,620.0,865,432,433,433,0,19,39489.0,283,141,142,142,0,14,13101.0,369,184,185,185,0,17,17235.0,1337,668,669,669,0,20,61581.0,901,450,451,451,0,21,44527.0,1221,610,611,611,0,20,56789.0,1989,994,995,995,0,23,99299.0,1069,534,535,535,0,21,51614.0,697,348,349,349,0,17,32039.0,905,452,453,453,0,21,43239.0
88300,1173,586,587,587,0,18,54528.0,1073,536,537,537,0,22,50095.0,247,123,124,124,0,13,11722.0,107,53,54,54,0,14,4786.0,1131,565,566,566,0,22,52130.0,1383,691,692,692,0,23,64593.0,169,84,85,85,0,13,8387.0,489,244,245,245,0,17,23107.0,277,138,139,139,0,14,12162.0,27,13,14,14,0,7,1230.0,887,443,444,444,0,19,40042.0,293,146,147,147,0,14,13713.0,385,192,193,193,0,17,17846.0,1351,675,676,676,0,20,62164.0,915,457,458,458,0,21,45124.0,1229,614,615,615,0,20,57395.0,2001,1000,1001,1001,0,23,99926.0,1091,545,546,546,0,21,52244.0,705,352,353,353,0,17,32636.0,925,462,463,463,0,21,43856.0
88400,1183,591,592,592,0,18,55160.0,1085,542,543,543,0,22,50675.0,259,129,130,130,0,13,12339.0,127,63,64,64,0,15,5406.0,135,67,68,68,0,11,6115.0,1389,694,695,695,0,23,65224.0,181,90,91,91,0,13,8984.0,499,249,250,250,0,17,23645.0,293,146,147,147,0,14,12769.0,43,21,22,22,0,9,1847.0,905,452,453,453,0,19,40661.0,299,149,150,150,0,14,14346.0,399,199,200,200,0,18,18454.0,1363,681,682,682,0,20,62754.0,927,463,464,464,0,21,45718.0,1239,619,620,620,0,20,58014.0,2013,1006,1007,1007,0,23,100524.0,1107,553,554,554,0,21,52864.0,721,360,361,361,0,17,33256.0,937,468,469,469,0,21,44471.0
88500,1187,593,594,594,0,18,55738.0,1105,552,553,553,0,22,51263.0,271,135,136,136,0,13,12936.0,143,71,72,72,0,16,5981.0,145,72,73,73,0,11,6718.0,1397,698,699,699,0,23,65817.0,189,94,95,95,0,13,9570.0,509,254,255,255,0,18,24242.0,309,154,155,155,0,14,13369.0,51,25,26,26,0,10,2487.0,921,460,461,461,0,20,41299.0,317,158,159,159,0,15,14960.0,411,205,206,206,0,18,19048.0,1369,684,685,685,0,20,63373.0,937,468,469,469,0,21,46320.0,1259,629,630,630,0,20,58634.0,2017,1008,1009,1009,0,23,101109.0,1117,558,559,559,0,21,53459.0,731,365,366,366,0,17,33872.0,947,473,474,474,0,21,45066.0
88600,1207,603,604,604,0,19,56304.0,1117,558,559,559,0,22,51871.0,287,143,144,144,0,14,13516.0,153,76,77,77,0,16,6585.0,155,77,78,78,0,11,7309.0,1409,704,705,705,0,23,66404.0,201,100,101,101,0,14,10159.0,519,259,260,260,0,18,24858.0,325,162,163,163,0,14,13964.0,69,34,35,35,0,11,3092.0,931,465,466,466,0,20,41892.0,7,3,4,4,0,4,295.0,427,213,214,214,0,18,19621.0,1377,688,689,689,0,20,64018.0,951,475,476,476,0,21,46948.0,1269,634,635,635,0,20,59260.0,2035,1017,1018,1018,0,23,101683.0,1149,574,575,575,0,21,54071.0,739,369,370,370,0,17,34502.0,963,481,482,482,0,21,45622.0
88700,1211,605,606,606,0,19,56925.0,1129,564,565,565,0,22,52449.0,17,8,9,9,0,5,683.0,163,81,82,82,0,17,7208.0,177,88,89,89,0,12,7920.0,1429,714,715,715,0,23,67021.0,221,110,111,111,0,14,10760.0,531,265,266,266,0,18,25455.0,335,167,168,168,0,15,14566.0,75,37,38,38,0,12,3652.0,947,473,474,474,0,20,42499.0,23,11,12,12,0,7,897.0,437,218,219,219,0,18,20217.0,1385,692,693,693,0,20,64653.0,969,484,485,485,0,21,47581.0,1283,641,642,642,0,20,59907.0,617,308,309,309,0,16,28975.0,277,138,139,139,0,16,13080.0,745,372,373,373,0,17,35100.0,981,490,491,491,0,21,46240.0
88800,1219,609,610,610,0,19,57511.0,1135,567,568,568,0,22,53011.0,33,16,17,17,0,8,1299.0,179,89,90,90,0,17,7799.0,185,92,93,93,0,12,8528.0,1435,717,718,718,0,23,67650.0,223,111,112,112,0,14,11357.0,543,271,272,272,0,18,26122.0,353,176,177,177,0,15,15148.0,91,45,46,46,0,13,4247.0,959,479,480,480,0,20,43131.0,37,18,19,19,0,7,1470.0,449,224,225,225,0,18,20847.0,1397,698,699,699,0,20,65272.0,991,495,496,496,0,22,48209.0,1299,649,650,650,0,20,60537.0,641,320,321,321,0,16,29567.0,281,140,141,141,0,16,13686.0,757,378,379,379,0,17,35695.0,987,493,494,494,0,21,46889.0
88900,1237,618,619,619,0,19,58128.0,1147,573,574,574,0,22,53655.0,47,23,24,24,0,9,1912.0,189,94,95,95,0,17,8366.0,205,102,103,103,0,12,9115.0,1451,725,726,726,0,23,68223.0,237,118,119,119,0,14,11990.0,557,278,279,279,0,18,26721.0,365,182,183,183,0,15,15723.0,111,55,56,56,0,13,4866.0,973,486,487,487,0,20,43755.0,47,23,24,24,0,8,2108.0,455,227,228,228,0,18,21418.0,1407,703,704,704,0,20,65881.0,1003,501,502,502,0,22,48862.0,1309,654,655,655,0,20,61111.0,657,328,329,329,0,16,30181.0,295,147,148,148,0,16,14289.0,773,386,387,387,0,17,36280.0,997,498,499,499,0,21,47444.0
89000,55,27,28,28,0,9,2591.0,1159,579,580,580,0,22,54291.0,59,29,30,30,0,10,2569.0,209,104,105,105,0,17,8974.0,213,106,107,107,0,12,9713.0,1471,735,736,736,0,23,68846.0,253,126,127,127,0,15,12586.0,569,284,285,285,0,18,27330.0,371,185,186,186,0,15,16320.0,123,61,62,62,0,14,5443.0,991,495,496,496,0,20,44365.0,27,13,14,14,0,7,1186.0,465,232,233,233,0,18,22044.0,1425,712,713,713,0,20,66467.0,81,40,41,41,0,9,4174.0,1337,668,669,669,0,20,61696.0,681,340,341,341,0,17,30803.0,309,154,155,155,0,16,14908.0,795,397,398,398,0,17,36891.0,1009,504,505,505,0,21,48046.0
89100,75,37,38,38,0,10,3183.0,1183,591,592,592,0,22,54918.0,81,40,41,41,0,11,3168.0,221,110,111,111,0,17,9564.0,223,111,112,112,0,12,10312.0,1487,743,744,744,0,23,69460.0,263,131,132,132,0,15,13201.0,583,291,292,292,0,18,27926.0,389,194,195,195,0,15,16934.0,137,68,69,69,0,14,6006.0,1013,506,507,507,0,20,44963.0,43,21,22,22,0,8,1813.0,185,92,93,93,0,13,8832.0,1435,717,718,718,0,20,67057.0,89,44,45,45,0,9,4784.0,1355,677,678,678,0,20,62296.0,689,344,345,345,0,17,31402.0,327,163,164,164,0,16,15502.0,811,405,406,406,0,17,37561.0,1023,511,512,512,0,21,48637.0
89200,85,42,43,43,0,11,3784.0,1195,597,598,598,0,22,55524.0,87,43,44,44,0,11,3736.0,229,114,115,115,0,17,10181.0,239,119,120,120,0,12,10912.0,1499,749,750,750,0,23,70047.0,279,139,140,140,0,15,13768.0,595,297,298,298,0,18,28539.0,405,202,203,203,0,15,17541.0,143,71,72,72,0,14,6632.0,1023,511,512,512,0,20,45598.0,55,27,28,28,0,10,2431.0,195,97,98,98,0,14,9404.0,1449,724,725,725,0,20,67639.0,105,52,53,53,0,10,5390.0,1365,682,683,683,0,20,62938.0,699,349,350,350,0,17,32005.0,337,168,169,169,0,16,16122.0,821,410,411,411,0,17,38133.0,1033,516,517,517,0,21,49220.0
89300,91,45,46,46,0,12,4414.0,1199,599,600,600,0,22,56132.0,99,49,50,50,0,12,4331.0,243,121,122,122,0,17,10812.0,247,123,124,124,0,12,11511.0,1509,754,755,755,0,23,70641.0,295,147,148,148,0,15,14369.0,605,302,303,303,0,18,29140.0,411,205,206,206,0,15,18138.0,151,75,76,76,0,14,7213.0,1039,519,520,520,0,20,46251.0,73,36,37,37,0,11,3030.0,215,107,108,108,0,15,9992.0,1459,729,730,730,0,20,68285.0,113,56,57,57,0,10,6002.0,1375,687,688,688,0,20,63513.0,711,355,356,356,0,17,32637.0,353,176,177,177,0,17,16723.0,829,414,415,415,0,17,38707.0,1053,526,527,527,0,21,49811.0
89400,107,53,54,54,0,12,5026.0,17,8,9,9,0,5,823.0,111,55,56,56,0,12,4912.0,259,129,130,130,0,17,11395.0,269,134,135,135,0,13,12088.0,1519,759,760,760,0,23,71275.0,309,154,155,155,0,15,14972.0,613,306,307,307,0,18,29647.0,415,207,208,208,0,15,18730.0,159,79,80,80,0,14,7805.0,1049,524,525,525,0,20,46861.0,85,42,43,43,0,11,3653.0,227,113,114,114,0,15,10579.0,1475,737,738,738,0,20,68911.0,131,65,66,66,0,10,6582.0,1387,693,694,694,0,21,64156.0,729,364,365,365,0,17,33222.0,363,181,182,182,0,17,17331.0,845,422,423,423,0,17,39395.0,1053,526,527,527,0,21,50460.0
89500,125,62,63,63,0,13,5650.0,25,12,13,13,0,8,1394.0,119,59,60,60,0,13,5509.0,265,132,133,133,0,17,11989.0,283,141,142,142,0,13,12683.0,65,32,33,33,0,8,3175.0,315,157,158,158,0,15,15575.0,631,315,316,316,0,18,30270.0,423,211,212,212,0,15,19326.0,171,85,86,86,0,14,8437.0,1061,530,531,531,0,20,47462.0,95,47,48,48,0,12,4251.0,243,121,122,122,0,15,11144.0,1483,741,742,742,0,20,69487.0,145,72,73,73,0,11,7181.0,1401,700,701,701,0,21,64733.0,735,367,368,368,0,17,33817.0,369,184,185,185,0,17,17906.0,861,430,431,431,0,17,40004.0,87,43,44,44,0,9,3948.0
89600,133,66,67,67,0,13,6252.0,41,20,21,21,0,9,1974.0,129,64,65,65,0,13,6134.0,273,136,137,137,0,17,12603.0,293,146,147,147,0,14,13238.0,77,38,39,39,0,9,3793.0,3,1,2,2,0,2,129.0,635,317,318,318,0,18,30876.0,445,222,223,223,0,15,19953.0,183,91,92,92,0,14,9033.0,1069,534,535,535,0,20,48077.0,109,54,55,55,0,12,4829.0,255,127,128,128,0,16,11743.0,1509,754,755,755,0,20,70118.0,151,75,76,76,0,11,7790.0,1415,707,708,708,0,21,65351.0,753,376,377,377,0,17,34421.0,377,188,189,189,0,17,18500.0,873,436,437,437,0,18,40629.0,99,49,50,50,0,10,4570.0
89700,145,72,73,73,0,13,6851.0,55,27,28,28,0,11,2576.0,141,70,71,71,0,13,6708.0,291,145,146,146,0,17,13192.0,307,153,154,154,0,14,13851.0,91,45,46,46,0,9,4366.0,19,9,10,10,0,7,735.0,639,319,320,320,0,18,31454.0,459,229,230,230,0,16,20582.0,189,94,95,95,0,14,9599.0,1081,540,541,541,0,20,48682.0,123,61,62,62,0,13,5402.0,273,136,137,137,0,16,12359.0,1529,764,765,765,0,20,70721.0,165,82,83,83,0,11,8415.0,1435,717,718,718,0,21,65960.0,763,381,382,382,0,17,35033.0,391,195,196,196,0,17,19095.0,879,439,440,440,0,18,41243.0,105,52,53,53,0,10,5174.0
89800,159,79,80,80,0,13,7429.0,71,35,36,36,0,11,3155.0,163,81,82,82,0,14,7291.0,311,155,156,156,0,18,13841.0,323,161,162,162,0,14,14472.0,105,52,53,53,0,10,4997.0,35,17,18,18,0,8,1328.0,653,326,327,327,0,18,32090.0,465,232,233,233,0,16,21150.0,205,102,103,103,0,14,10178.0,1081,540,541,541,0,20,49313.0,135,67,68,68,0,13,5992.0,279,139,140,140,0,16,12931.0,1539,769,770,770,0,20,71348.0,181,90,91,91,0,12,9021.0,1443,721,722,722,0,21,66562.0,773,386,387,387,0,17,35624.0,407,203,204,204,0,17,19696.0,889,444,445,445,0,18,41814.0,121,60,61,61,0,10,5746.0
89900,179,89,90,90,0,13,8009.0,89,44,45,45,0,12,3785.0,167,83,84,84,0,14,7828.0,321,160,161,161,0,18,14444.0,337,168,169,169,0,15,15078.0,117,58,59,59,0,10,5613.0,49,24,25,25,0,9,1996.0,663,331,332,332,0,18,32706.0,483,241,242,242,0,16,21713.0,217,108,109,109,0,14,10828.0,1089,544,545,545,0,20,49915.0,157,78,79,79,0,13,6634.0,291,145,146,146,0,16,13545.0,1543,771,772,772,0,20,71956.0,195,97,98,98,0,12,9596.0,1447,723,724,724,0,21,67147.0,791,395,396,396,0,17,36211.0,421,210,211,211,0,17,20269.0,905,452,453,453,0,18,42402.0,131,65,66,66,0,10,6322.0
90000,193,96,97,97,0,13,8598.0,93,46,47,47,0,12,4404.0,183,91,92,92,0,15,8479.0,325,162,163,163,0,18,15022.0,349,174,175,175,0,15,15725.0,129,64,65,65,0,10,6249.0,61,30,31,31,0,10,2598.0,675,337,338,338,0,18,33272.0,499,249,250,250,0,16,22335.0,227,113,114,114,0,14,11428.0,1105,552,553,553,0,20,50495.0,163,81,82,82,0,13,7224.0,305,152,153,153,0,16,14161.0,1549,774,775,775,0,20,72570.0,205,102,103,103,0,12,10210.0,1461,730,731,731,0,21,67748.0,803,401,402,402,0,17,36797.0,443,221,222,222,0,17,20838.0,917,458,459,459,0,18,43015.0,139,69,70,70,0,11,6934.0
90100,205,102,103,103,0,13,9235.0,105,52,53,53,0,12,5028.0,199,99,100,100,0,15,9064.0,335,167,168,168,0,19,15649.0,363,181,182,182,0,15,16309.0,135,67,68,68,0,10,6820.0,77,38,39,39,0,11,3206.0,695,347,348,348,0,18,33893.0,509,254,255,255,0,16,22972.0,235,117,118,118,0,14,12004.0,1127,563,564,564,0,20,51104.0,165,82,83,83,0,13,7776.0,317,158,159,159,0,16,14806.0,1569,784,785,785,0,20,73174.0,221,110,111,111,0,12,10811.0,1477,738,739,739,0,21,68314.0,821,410,411,411,0,17,37425.0,453,226,227,227,0,17,21448.0,927,463,464,464,0,18,43597.0,153,76,77,77,0,11,7576.0
90200,217,108,109,109,0,14,9806.0,113,56,57,57,0,13,5654.0,215,107,108,108,0,16,9687.0,351,175,176,176,0,19,16268.0,373,186,187,187,0,15,16936.0,143,71,72,72,0,10,7393.0,95,47,48,48,0,11,3799.0,701,350,351,351,0,18,34481.0,519,259,260,260,0,16,23570.0,247,123,124,124,0,14,12605.0,1143,571,572,572,0,20,51685.0,177,88,89,89,0,14,8349.0,335,167,168,168,0,16,15415.0,1573,786,787,787,0,20,73755.0,237,118,119,119,0,12,11446.0,1493,746,747,747,0,21,68931.0,835,417,418,418,0,17,38025.0,471,235,236,236,0,17,22075.0,943,471,472,472,0,18,44204.0,171,85,86,86,0,12,8178.0
90300,229,114,115,115,0,14,10372.0,129,64,65,65,0,13,6247.0,221,110,111,111,0,16,10310.0,369,184,185,185,0,19,16855.0,385,192,193,193,0,15,17522.0,167,83,84,84,0,11,8000.0,105,52,53,53,0,11,4362.0,713,356,357,357,0,18,35061.0,541,270,271,271,0,16,24171.0,265,132,133,133,0,14,13158.0,1155,577,578,578,0,20,52326.0,195,97,98,98,0,14,8989.0,343,171,172,172,0,16,15977.0,1591,795,796,796,0,20,74396.0,245,122,123,123,0,12,12052.0,1505,752,753,753,0,21,69502.0,847,423,424,424,0,17,38607.0,483,241,242,242,0,17,22688.0,961,480,481,481,0,18,44794.0,181,90,91,91,0,12,8760.0
90400,241,120,121,121,0,14,10952.0,139,69,70,70,0,13,6836.0,231,115,116,116,0,17,10876.0,383,191,192,192,0,19,17428.0,399,199,200,200,0,15,18115.0,181,90,91,91,0,11,8588.0,111,55,56,56,0,11,5016.0,725,362,363,363,0,18,35667.0,549,274,275,275,0,16,24777.0,277,138,139,139,0,14,13785.0,1173,586,587,587,0,20,52914.0,213,106,107,107,0,14,9603.0,359,179,180,180,0,16,16586.0,1603,801,802,802,0,20,75015.0,259,129,130,130,0,12,12675.0,1519,759,760,760,0,21,70118.0,859,429,430,430,0,17,39148.0,495,247,248,248,0,17,23296.0,299,149,150,150,0,14,14804.0,195,97,98,98,0,12,9389.0
90500,251,125,126,126,0,14,11567.0,153,76,77,77,0,13,7418.0,7,3,4,4,0,4,322.0,391,195,196,196,0,19,18015.0,415,207,208,208,0,15,18681.0,197,98,99,99,0,12,9153.0,123,61,62,62,0,12,5633.0,735,367,368,368,0,18,36255.0,563,281,282,282,0,16,25380.0,295,147,148,148,0,15,14348.0,1181,590,591,591,0,20,53522.0,227,113,114,114,0,14,10186.0,379,189,190,190,0,16,17198.0,1615,807,808,808,0,20,75612.0,269,134,135,135,0,12,13273.0,1529,764,765,765,0,21,70710.0,875,437,438,438,0,17,39760.0,503,251,252,252,0,17,23892.0,317,158,159,159,0,15,15431.0,205,102,103,103,0,13,9962.0
90600,261,130,131,131,0,14,12171.0,163,81,82,82,0,13,8009.0,17,8,9,9,0,7,912.0,407,203,204,204,0,19,18589.0,433,216,217,217,0,15,19266.0,209,104,105,105,0,12,9785.0,13,6,7,7,0,5,1068.0,745,372,373,373,0,18,36841.0,575,287,288,288,0,16,25976.0,211,105,106,106,0,14,9771.0,1191,595,596,596,0,20,54107.0,235,117,118,118,0,15,10771.0,389,194,195,195,0,16,17799.0,1625,812,813,813,0,20,76191.0,279,139,140,140,0,12,13860.0,1543,771,772,772,0,21,71309.0,883,441,442,442,0,17,40350.0,513,256,257,257,0,17,24497.0,329,164,165,165,0,15,16001.0,223,111,112,112,0,13,10554.0
90700,273,136,137,137,0,14,12790.0,169,84,85,85,0,13,8575.0,29,14,15,15,0,8,1506.0,413,206,207,207,0,19,19182.0,455,227,228,228,0,16,19850.0,223,111,112,112,0,12,10386.0,25,12,13,13,0,8,1708.0,765,382,383,383,0,18,37470.0,595,297,298,298,0,16,26630.0,227,113,114,114,0,14,10367.0,1199,599,600,600,0,20,54759.0,249,124,125,125,0,15,11383.0,391,195,196,196,0,16,18411.0,1635,817,818,818,0,20,76774.0,289,144,145,145,0,12,14476.0,1557,778,779,779,0,21,71951.0,893,446,447,447,0,17,40930.0,521,260,261,261,0,17,25087.0,343,171,172,172,0,15,16571.0,237,118,119,119,0,13,11174.0
90800,279,139,140,140,0,15,13355.0,181,90,91,91,0,13,9201.0,39,19,20,20,0,9,2125.0,427,213,214,214,0,19,19770.0,465,232,233,233,0,16,20465.0,231,115,116,116,0,12,10966.0,39,19,20,20,0,10,2338.0,783,391,392,392,0,19,38083.0,605,302,303,303,0,16,27217.0,241,120,121,121,0,14,10974.0,1213,606,607,607,0,20,55356.0,259,129,130,130,0,15,11967.0,411,205,206,206,0,16,19032.0,1651,825,826,826,0,20,77347.0,301,150,151,151,0,13,15070.0,1573,786,787,787,0,21,72529.0,903,451,452,452,0,18,41529.0,531,265,266,266,0,17,25723.0,349,174,175,175,0,15,17204.0,251,125,126,126,0,13,11776.0
90900,293,146,147,147,0,15,13975.0,191,95,96,96,0,13,9809.0,49,24,25,25,0,10,2726.0,439,219,220,220,0,19,20325.0,479,239,240,240,0,16,21097.0,243,121,122,122,0,12,11549.0,55,27,28,28,0,11,2960.0,797,398,399,399,0,19,38692.0,615,307,308,308,0,16,27800.0,243,121,122,122,0,15,11566.0,1221,610,611,611,0,20,55932.0,273,136,137,137,0,15,12596.0,423,211,212,212,0,16,19608.0,1665,832,833,833,0,20,77947.0,319,159,160,160,0,14,15702.0,1583,791,792,792,0,21,73106.0,921,460,461,461,0,18,42201.0,545,272,273,273,0,17,26315.0,363,181,182,182,0,15,17801.0,261,130,131,131,0,14,12382.0
91000,307,153,154,154,0,15,14557.0,203,101,102,102,0,13,10367.0,57,28,29,29,0,10,3322.0,447,223,224,224,0,19,20882.0,493,246,247,247,0,16,21716.0,251,125,126,126,0,12,12159.0,67,33,34,34,0,11,3562.0,815,407,408,408,0,19,39288.0,625,312,313,313,0,16,28438.0,259,129,130,130,0,15,12163.0,1233,616,617,617,0,20,56536.0,285,142,143,143,0,16,13209.0,435,217,218,218,0,16,20192.0,1683,841,842,842,0,20,78541.0,329,164,165,165,0,14,16296.0,1601,800,801,801,0,21,73733.0,933,466,467,467,0,18,42791.0,565,282,283,283,0,18,26923.0,377,188,189,189,0,15,18377.0,279,139,140,140,0,14,12996.0
91100,319,159,160,160,0,15,15124.0,213,106,107,107,0,13,10993.0,73,36,37,37,0,11,3925.0,457,228,229,229,0,20,21490.0,511,255,256,256,0,16,22356.0,261,130,131,131,0,13,12757.0,81,40,41,41,0,12,4158.0,831,415,416,416,0,19,39873.0,629,314,315,315,0,16,29052.0,277,138,139,139,0,15,12767.0,1247,623,624,624,0,20,57139.0,5,2,3,3,0,3,308.0,443,221,222,222,0,16,20796.0,1699,849,850,850,0,21,79129.0,341,170,171,171,0,15,16896.0,1613,806,807,807,0,21,74343.0,949,474,475,475,0,18,43461.0,573,286,287,287,0,18,27541.0,389,194,195,195,0,15,18994.0,287,143,144,144,0,14,13597.0
91200,33,16,17,17,0,8,1375.0,235,117,118,118,0,14,11607.0,81,40,41,41,0,11,4529.0,463,231,232,232,0,20,22151.0,519,259,260,260,0,16,22961.0,275,137,138,138,0,13,13382.0,93,46,47,47,0,13,4766.0,847,423,424,424,0,19,40496.0,639,319,320,320,0,16,29618.0,285,142,143,143,0,15,13349.0,1255,627,628,628,0,20,57737.0,19,9,10,10,0,6,919.0,457,228,229,229,0,16,21395.0,1713,856,857,857,0,21,79742.0,357,178,179,179,0,15,17502.0,1621,810,811,811,0,21,74955.0,963,481,482,482,0,18,44057.0,581,290,291,291,0,18,28190.0,409,204,205,205,0,15,19590.0,307,153,154,154,0,15,14221.0
91300,45,22,23,23,0,10,1953.0,247,123,124,124,0,14,12229.0,91,45,46,46,0,12,5144.0,475,237,238,238,0,20,22773.0,521,260,261,261,0,16,23540.0,287,143,144,144,0,13,13974.0,109,54,55,55,0,13,5365.0,861,430,431,431,0,19,41095.0,659,329,330,330,0,16,30192.0,293,146,147,147,0,15,13925.0,1271,635,636,636,0,20,58348.0,33,16,17,17,0,7,1500.0,477,238,239,239,0,16,21978.0,1731,865,866,866,0,21,80316.0,375,187,188,188,0,15,18111.0,1639,819,820,820,0,21,75528.0,975,487,488,488,0,18,44660.0,595,297,298,298,0,18,28783.0,417,208,209,209,0,15,20153.0,315,157,158,158,0,15,14818.0
91400,57,28,29,29,0,12,2559.0,255,127,128,128,0,14,12801.0,103,51,52,52,0,13,5711.0,483,241,242,242,0,20,23345.0,535,267,268,268,0,16,24176.0,301,150,151,151,0,13,14585.0,117,58,59,59,0,13,5930.0,875,437,438,438,0,19,41656.0,673,336,337,337,0,16,30819.0,303,151,152,152,0,15,14499.0,1283,641,642,642,0,20,58896.0,47,23,24,24,0,8,2077.0,493,246,247,247,0,16,22585.0,1741,870,871,871,0,21,80931.0,385,192,193,193,0,15,18716.0,1657,828,829,829,0,21,76125.0,981,490,491,491,0,18,45260.0,615,307,308,308,0,18,29347.0,433,216,217,217,0,15,20785.0,329,164,165,165,0,15,15376.0
91500,67,33,34,34,0,13,3179.0,265,132,133,133,0,14,13423.0,23,11,12,12,0,6,912.0,499,249,250,250,0,20,23922.0,553,276,277,277,0,16,24795.0,311,155,156,156,0,13,15176.0,135,67,68,68,0,14,6581.0,893,446,447,447,0,19,42252.0,685,342,343,343,0,17,31396.0,321,160,161,161,0,16,15091.0,1301,650,651,651,0,20,59529.0,61,30,31,31,0,9,2692.0,499,249,250,250,0,17,23201.0,1759,879,880,880,0,21,81571.0,401,200,201,201,0,16,19323.0,1667,833,834,834,0,21,76705.0,993,496,497,497,0,18,45897.0,625,312,313,313,0,18,29940.0,443,221,222,222,0,15,21380.0,341,170,171,171,0,15,15987.0
91600,79,39,40,40,0,14,3766.0,279,139,140,140,0,14,14062.0,37,18,19,19,0,7,1549.0,515,257,258,258,0,20,24510.0,565,282,283,283,0,16,25414.0,319,159,160,160,0,13,15754.0,151,75,76,76,0,15,7172.0,903,451,452,452,0,19,42838.0,693,346,347,347,0,17,32011.0,335,167,168,168,0,16,15722.0,1315,657,658,658,0,20,60128.0,73,36,37,37,0,9,3312.0,513,256,257,257,0,17,23752.0,1767,883,884,884,0,21,82195.0,417,208,209,209,0,16,19938.0,1679,839,840,840,0,21,77302.0,1005,502,503,503,0,18,46505.0,635,317,318,318,0,18,30509.0,455,227,228,228,0,15,21943.0,349,174,175,175,0,15,16629.0
91700,95,47,48,48,0,14,4356.0,289,144,145,145,0,14,14597.0,49,24,25,25,0,8,2148.0,529,264,265,265,0,20,25110.0,583,291,292,292,0,16,25995.0,331,165,166,166,0,13,16337.0,165,82,83,83,0,15,7740.0,923,461,462,462,0,19,43437.0,705,352,353,353,0,17,32673.0,347,173,174,174,0,16,16341.0,1331,665,666,666,0,20,60735.0,85,42,43,43,0,9,3899.0,529,264,265,265,0,17,24325.0,1781,890,891,891,0,21,82776.0,429,214,215,215,0,16,20533.0,1693,846,847,847,0,21,77868.0,1015,507,508,508,0,18,47115.0,641,320,321,321,0,18,31108.0,473,236,237,237,0,16,22583.0,365,182,183,183,0,16,17253.0
91800,111,55,56,56,0,14,4961.0,313,156,157,157,0,14,15195.0,69,34,35,35,0,9,2788.0,539,269,270,270,0,20,25718.0,593,296,297,297,0,16,26623.0,3,1,2,2,0,2,185.0,175,87,88,88,0,16,8305.0,795,397,398,398,0,17,38201.0,717,358,359,359,0,17,33276.0,359,179,180,180,0,16,16972.0,1341,670,671,671,0,20,61338.0,93,46,47,47,0,10,4511.0,541,270,271,271,0,17,24908.0,1789,894,895,895,0,21,83354.0,437,218,219,219,0,16,21121.0,1705,852,853,853,0,21,78479.0,1035,517,518,518,0,18,47733.0,651,325,326,326,0,18,31730.0,485,242,243,243,0,16,23175.0,383,191,192,192,0,16,17833.0
91900,119,59,60,60,0,15,5559.0,327,163,164,164,0,15,15782.0,79,39,40,40,0,9,3394.0,551,275,276,276,0,20,26365.0,607,303,304,304,0,16,27212.0,21,10,11,11,0,6,811.0,191,95,96,96,0,16,8898.0,809,404,405,405,0,17,38770.0,727,363,364,364,0,17,33847.0,377,188,189,189,0,16,17598.0,1359,679,680,680,0,20,61955.0,43,21,22,22,0,9,1684.0,549,274,275,275,0,17,25470.0,1797,898,899,899,0,21,83940.0,451,225,226,226,0,16,21756.0,1719,859,860,860,0,21,79095.0,1047,523,524,524,0,18,48301.0,665,332,333,333,0,18,32394.0,497,248,249,249,0,16,23751.0,401,200,201,201,0,16,18437.0
92000,129,64,65,65,0,15,6175.0,337,168,169,169,0,15,16337.0,85,42,43,43,0,9,3974.0,565,282,283,283,0,20,26899.0,631,315,316,316,0,16,27808.0,33,16,17,17,0,8,1371.0,203,101,102,102,0,16,9534.0,823,411,412,412,0,17,39363.0,743,371,372,372,0,17,34439.0,389,194,195,195,0,17,18155.0,1375,687,688,688,0,20,62540.0,55,27,28,28,0,9,2310.0,559,279,280,280,0,17,26076.0,1815,907,908,908,0,21,84509.0,475,237,238,238,0,16,22367.0,1723,861,862,862,0,21,79665.0,1057,528,529,529,0,18,48900.0,679,339,340,340,0,18,32975.0,511,255,256,256,0,16,24352.0,411,205,206,206,0,16,19077.0
92100,141,70,71,71,0,15,6730.0,357,178,179,179,0,15,16954.0,105,52,53,53,0,10,4593.0,579,289,290,290,0,20,27506.0,645,322,323,323,0,16,28390.0,41,20,21,21,0,9,1935.0,211,105,106,106,0,16,10128.0,839,419,420,420,0,17,39929.0,753,376,377,377,0,17,35032.0,397,198,199,199,0,17,18760.0,1387,693,694,694,0,20,63137.0,71,35,36,36,0,11,2914.0,573,286,287,287,0,18,26639.0,1825,912,913,913,0,21,85095.0,485,242,243,243,0,16,22971.0,1727,863,864,864,0,21,80274.0,1073,536,537,537,0,18,49508.0,691,345,346,346,0,18,33532.0,523,261,262,262,0,16,24894.0,421,210,211,211,0,16,19637.0
92200,159,79,80,80,0,16,7304.0,363,181,182,182,0,15,17576.0,111,55,56,56,0,10,5174.0,593,296,297,297,0,20,28080.0,649,324,325,325,0,16,29022.0,59,29,30,30,0,9,2540.0,233,116,117,117,0,17,10734.0,845,422,423,423,0,17,40518.0,769,384,385,385,0,17,35662.0,411,205,206,206,0,17,19386.0,1397,698,699,699,0,20,63726.0,77,38,39,39,0,11,3517.0,585,292,293,293,0,18,27176.0,1837,918,919,919,0,21,85699.0,493,246,247,247,0,16,23593.0,1741,870,871,871,0,21,80873.0,1087,543,544,544,0,19,50109.0,705,352,353,353,0,18,34118.0,533,266,267,267,0,16,25454.0,435,217,218,218,0,16,20237.0
92300,173,86,87,87,0,16,7880.0,375,187,188,188,0,15,18217.0,121,60,61,61,0,10,5757.0,603,301,302,302,0,20,28697.0,657,328,329,329,0,17,29669.0,81,40,41,41,0,10,3145.0,241,120,121,121,0,17,11321.0,857,428,429,429,0,17,41163.0,777,388,389,389,0,17,36278.0,415,207,208,208,0,17,19991.0,1411,705,706,706,0,20,64360.0,85,42,43,43,0,12,4081.0,601,300,301,301,0,18,27766.0,1855,927,928,928,0,21,86298.0,505,252,253,253,0,16,24253.0,1753,876,877,877,0,21,81517.0,1097,548,549,549,0,19,50701.0,717,358,359,359,0,18,34700.0,543,271,272,272,0,16,26044.0,445,222,223,223,0,16,20803.0
92400,187,93,94,94,0,16,8477.0,385,192,193,193,0,15,18855.0,139,69,70,70,0,11,6341.0,623,311,312,312,0,20,29267.0,669,334,335,335,0,17,30256.0,95,47,48,48,0,11,3777.0,95,47,48,48,0,14,4713.0,871,435,436,436,0,17,41705.0,789,394,395,395,0,17,36898.0,425,212,213,213,0,17,20581.0,1419,709,710,710,0,20,64925.0,103,51,52,52,0,12,4645.0,603,301,302,302,0,18,28325.0,1859,929,930,930,0,21,86877.0,513,256,257,257,0,16,24863.0,1753,876,877,877,0,21,82158.0,1117,558,559,559,0,19,51320.0,731,365,366,366,0,18,35310.0,561,280,281,281,0,16,26651.0,455,227,228,228,0,16,21402.0
92500,199,99,100,100,0,16,9078.0,405,202,203,203,0,15,19461.0,147,73,74,74,0,11,6935.0,633,316,317,317,0,20,29894.0,677,338,339,339,0,17,30835.0,109,54,55,55,0,11,4362.0,107,53,54,54,0,14,5311.0,889,444,445,445,0,17,42277.0,797,398,399,399,0,17,37461.0,437,218,219,219,0,17,21179.0,1435,717,718,718,0,20,65544.0,113,56,57,57,0,13,5273.0,611,305,306,306,0,18,28957.0,1867,933,934,934,0,21,87439.0,527,263,264,264,0,17,25442.0,1765,882,883,883,0,21,82797.0,1123,561,562,562,0,19,51928.0,749,374,375,375,0,18,35868.0,575,287,288,288,0,16,27183.0,153,76,77,77,0,14,7338.0
92600,207,103,104,104,0,16,9680.0,411,205,206,206,0,15,20048.0,165,82,83,83,0,11,7533.0,645,322,323,323,0,21,30453.0,685,342,343,343,0,17,31439.0,119,59,60,60,0,12,4975.0,117,58,59,59,0,15,5883.0,899,449,450,450,0,17,42845.0,813,406,407,407,0,17,38023.0,447,223,224,224,0,17,21747.0,1449,724,725,725,0,20,66168.0,129,64,65,65,0,14,5848.0,625,312,313,313,0,18,29581.0,1879,939,940,940,0,21,88016.0,535,267,268,268,0,17,25997.0,1765,882,883,883,0,21,83387.0,1141,570,571,571,0,19,52530.0,763,381,382,382,0,18,36475.0,579,289,290,290,0,16,27770.0,177,88,89,89,0,15,7934.0
92700,221,110,111,111,0,16,10305.0,415,207,208,208,0,15,20663.0,179,89,90,90,0,11,8124.0,653,326,327,327,0,21,31055.0,695,347,348,348,0,17,31992.0,127,63,64,64,0,12,5553.0,137,68,69,69,0,16,6486.0,913,456,457,457,0,17,43435.0,827,413,414,414,0,18,38653.0,465,232,233,233,0,17,22331.0,1463,731,732,732,0,20,66715.0,135,67,68,68,0,14,6470.0,639,319,320,320,0,18,30189.0,1897,948,949,949,0,21,88648.0,545,272,273,273,0,17,26633.0,1773,886,887,887,0,21,83991.0,1157,578,579,579,0,19,53136.0,777,388,389,389,0,19,37036.0,605,302,303,303,0,16,28396.0,193,96,97,97,0,15,8545.0
92800,233,116,117,117,0,16,10886.0,421,210,211,211,0,15,21298.0,193,96,97,97,0,11,8722.0,667,333,334,334,0,21,31686.0,711,355,356,356,0,17,32575.0,135,67,68,68,0,12,6132.0,147,73,74,74,0,16,7067.0,923,461,462,462,0,17,44064.0,847,423,424,424,0,18,39274.0,479,239,240,240,0,17,22965.0,1467,733,734,734,0,20,67341.0,159,79,80,80,0,15,7067.0,651,325,326,326,0,18,30791.0,1909,954,955,955,0,21,89249.0,569,284,285,285,0,17,27218.0,1779,889,890,890,0,22,84540.0,1167,583,584,584,0,19,53744.0,789,394,395,395,0,19,37631.0,621,310,311,311,0,17,29046.0,209,104,105,105,0,16,9144.0
92900,247,123,124,124,0,17,11497.0,441,220,221,221,0,15,21920.0,201,100,101,101,0,12,9330.0,681,340,341,341,0,21,32288.0,725,362,363,363,0,17,33160.0,149,74,75,75,0,14,6734.0,161,80,81,81,0,16,7728.0,931,465,466,466,0,17,44637.0,859,429,430,430,0,18,39862.0,485,242,243,243,0,18,23528.0,1481,740,741,741,0,20,67908.0,175,87,88,88,0,15,7665.0,663,331,332,332,0,18,31399.0,1925,962,963,963,0,21,89790.0,585,292,293,293,0,17,27853.0,1793,896,897,897,0,22,85139.0,1183,591,592,592,0,19,54335.0,797,398,399,399,0,19,38241.0,629,314,315,315,0,17,29604.0,215,107,108,108,0,16,9729.0
93000,255,127,128,128,0,17,12081.0,455,227,228,228,0,15,22493.0,217,108,109,109,0,12,9908.0,691,345,346,346,0,21,32901.0,735,367,368,368,0,17,33746.0,159,79,80,80,0,14,7316.0,171,85,86,86,0,16,8322.0,937,468,469,469,0,17,45245.0,867,433,434,434,0,18,40422.0,495,247,248,248,0,18,24137.0,1489,744,745,745,0,20,68515.0,189,94,95,95,0,16,8237.0,673,336,337,337,0,18,31984.0,1933,966,967,967,0,21,90379.0,601,300,301,301,0,17,28515.0,1805,902,903,903,0,22,85773.0,1191,595,596,596,0,19,54915.0,815,407,408,408,0,19,38832.0,647,323,324,324,0,17,30188.0,237,118,119,119,0,16,10334.0
93100,273,136,137,137,0,17,12688.0,465,232,233,233,0,15,23087.0,225,112,113,113,0,12,10512.0,701,350,351,351,0,21,33501.0,749,374,375,375,0,17,34339.0,181,90,91,91,0,14,7935.0,177,88,89,89,0,16,8887.0,945,472,473,473,0,17,45872.0,883,441,442,442,0,18,41026.0,517,258,259,259,0,18,24733.0,1499,749,750,750,0,20,69077.0,201,100,101,101,0,16,8821.0,685,342,343,343,0,18,32610.0,1949,974,975,975,0,21,90973.0,613,306,307,307,0,17,29143.0,1819,909,910,910,0,22,86344.0,1205,602,603,603,0,19,55504.0,827,413,414,414,0,19,39430.0,655,327,328,328,0,17,30798.0,251,125,126,126,0,16,10916.0
93200,283,141,142,142,0,17,13339.0,471,235,236,236,0,15,23645.0,237,118,119,119,0,12,11079.0,709,354,355,355,0,21,34092.0,767,383,384,384,0,17,34942.0,187,93,94,94,0,14,8511.0,189,94,95,95,0,16,9476.0,955,477,478,478,0,17,46492.0,889,444,445,445,0,18,41587.0,525,262,263,263,0,18,25308.0,1523,761,762,762,0,20,69680.0,209,104,105,105,0,16,9429.0,693,346,347,347,0,18,33189.0,1961,980,981,981,0,21,91537.0,623,311,312,312,0,17,29753.0,1825,912,913,913,0,22,86948.0,1217,608,609,609,0,19,56151.0,845,422,423,423,0,19,40022.0,663,331,332,332,0,17,31431.0,261,130,131,131,0,17,11493.0
93300,299,149,150,150,0,17,13919.0,487,243,244,244,0,16,24229.0,251,125,126,126,0,12,11652.0,723,361,362,362,0,21,34733.0,781,390,391,391,0,17,35548.0,199,99,100,100,0,14,9096.0,213,106,107,107,0,16,10042.0,969,484,485,485,0,17,47073.0,903,451,452,452,0,18,42207.0,537,268,269,269,0,18,25951.0,1549,774,775,775,0,20,70293.0,231,115,116,116,0,16,10065.0,707,353,354,354,0,19,33808.0,1971,985,986,986,0,21,92150.0,631,315,316,316,0,18,30312.0,1843,921,922,922,0,22,87558.0,1231,615,616,616,0,19,56765.0,857,428,429,429,0,19,40603.0,673,336,337,337,0,17,32004.0,269,134,135,135,0,17,12066.0
93400,309,154,155,155,0,17,14563.0,497,248,249,249,0,16,24850.0,267,133,134,134,0,12,12257.0,737,368,369,369,0,21,35319.0,35,17,18,18,0,8,1654.0,113,56,57,57,0,15,6476.0,225,112,113,113,0,16,10645.0,987,493,494,494,0,17,47649.0,911,455,456,456,0,18,42847.0,551,275,276,276,0,18,26520.0,1555,777,778,778,0,20,70882.0,235,117,118,118,0,16,10631.0,727,363,364,364,0,19,34405.0,1979,989,990,990,0,21,92765.0,649,324,325,325,0,18,30936.0,1851,925,926,926,0,22,88158.0,1241,620,621,621,0,19,57380.0,873,436,437,437,0,19,41181.0,683,341,342,342,0,17,32603.0,275,137,138,138,0,17,12613.0
93500,323,161,162,162,0,17,15133.0,511,255,256,256,0,16,25430.0,273,136,137,137,0,13,12840.0,745,372,373,373,0,21,35934.0,51,25,26,26,0,9,2232.0,123,61,62,62,0,15,7101.0,235,117,118,118,0,17,11246.0,997,498,499,499,0,17,48270.0,925,462,463,463,0,18,43419.0,561,280,281,281,0,18,27128.0,1573,786,787,787,0,20,71487.0,251,125,126,126,0,16,11232.0,737,368,369,369,0,19,35005.0,1989,994,995,995,0,21,93350.0,657,328,329,329,0,18,31540.0,1861,930,931,931,0,22,88780.0,1253,626,627,627,0,19,57960.0,883,441,442,442,0,19,41796.0,699,349,350,350,0,17,33193.0,291,145,146,146,0,17,13233.0
93600,331,165,166,166,0,17,15735.0,523,261,262,262,0,16,26052.0,277,138,139,139,0,13,13438.0,757,378,379,379,0,21,36524.0,65,32,33,33,0,10,2832.0,131,65,66,66,0,15,7684.0,249,124,125,125,0,17,11875.0,1015,507,508,508,0,17,48883.0,941,470,471,471,0,18,44014.0,573,286,287,287,0,18,27731.0,1581,790,791,791,0,20,72101.0,263,131,132,132,0,16,11848.0,755,377,378,378,0,19,35627.0,2005,1002,1003,1003,0,21,93978.0,673,336,337,337,0,18,32123.0,1879,939,940,940,0,22,89388.0,1271,635,636,636,0,19,58630.0,897,448,449,449,0,19,42417.0,709,354,355,355,0,17,33811.0,307,153,154,154,0,17,13818.0
93700,339,169,170,170,0,18,16333.0,537,268,269,269,0,16,26647.0,299,149,150,150,0,13,14035.0,779,389,390,390,0,21,37163.0,75,37,38,38,0,11,3448.0,147,73,74,74,0,15,8248.0,259,129,130,130,0,17,12445.0,1031,515,516,516,0,17,49533.0,955,477,478,478,0,18,44633.0,579,289,290,290,0,18,28402.0,1603,801,802,802,0,20,72718.0,279,139,140,140,0,17,12473.0,771,385,386,386,0,19,36268.0,2013,1006,1007,1007,0,21,94550.0,687,343,344,344,0,18,32748.0,1883,941,942,942,0,22,89989.0,1287,643,644,644,0,19,59210.0,907,453,454,454,0,19,42995.0,715,357,358,358,0,17,34389.0,325,162,163,163,0,17,14445.0
93800,349,174,175,175,0,18,16923.0,547,273,274,274,0,16,27265.0,309,154,155,155,0,13,14656.0,789,394,395,395,0,21,37709.0,91,45,46,46,0,11,4118.0,163,81,82,82,0,15,8849.0,275,137,138,138,0,17,13045.0,1035,517,518,518,0,17,50109.0,971,485,486,486,0,18,45239.0,585,292,293,293,0,18,29010.0,1615,807,808,808,0,20,73305.0,291,145,146,146,0,18,13074.0,785,392,393,393,0,19,36883.0,2029,1014,1015,1015,0,21,95133.0,705,352,353,353,0,18,33393.0,1905,952,953,953,0,22,90605.0,1305,652,653,653,0,19,59804.0,919,459,460,460,0,19,43532.0,737,368,369,369,0,18,35004.0,337,168,169,169,0,17,15051.0
93900,363,181,182,182,0,18,17507.0,559,279,280,280,0,16,27879.0,331,165,166,166,0,13,15313.0,803,401,402,402,0,21,38281.0,95,47,48,48,0,11,4711.0,169,84,85,85,0,15,9436.0,279,139,140,140,0,17,13664.0,1047,523,524,524,0,17,50734.0,975,487,488,488,0,18,45863.0,593,296,297,297,0,18,29632.0,1629,814,815,815,0,20,73874.0,51,25,26,26,0,9,2699.0,793,396,397,397,0,19,37488.0,2041,1020,1021,1021,0,21,95735.0,715,357,358,358,0,18,33978.0,1925,962,963,963,0,22,91207.0,1319,659,660,660,0,19,60400.0,933,466,467,467,0,19,44137.0,749,374,375,375,0,18,35643.0,351,175,176,176,0,17,15649.0
94000,379,189,190,190,0,18,18144.0,571,285,286,286,0,16,28462.0,345,172,173,173,0,13,15878.0,815,407,408,408,0,21,38902.0,113,56,57,57,0,12,5313.0,187,93,94,94,0,15,10067.0,289,144,145,145,0,17,14272.0,1051,525,526,526,0,17,51339.0,989,494,495,495,0,18,46435.0,603,301,302,302,0,18,30195.0,1647,823,824,824,0,20,74468.0,57,28,29,29,0,9,3274.0,67,33,34,34,0,8,3729.0,2055,1027,1028,1028,0,21,96347.0,737,368,369,369,0,18,34569.0,1931,965,966,966,0,22,91774.0,1329,664,665,665,0,19,61021.0,949,474,475,475,0,19,44725.0,773,386,387,387,0,18,36236.0,375,187,188,188,0,17,16194.0
94100,391,195,196,196,0,18,18762.0,581,290,291,291,0,16,29035.0,363,181,182,182,0,13,16474.0,821,410,411,411,0,21,39450.0,121,60,61,61,0,12,5936.0,193,96,97,97,0,16,10696.0,299,149,150,150,0,17,14869.0,1067,533,534,534,0,18,51908.0,997,498,499,499,0,18,47016.0,613,306,307,307,0,18,30786.0,1657,828,829,829,0,20,75105.0,73,36,37,37,0,11,3889.0,75,37,38,38,0,9,4318.0,2069,1034,1035,1035,0,21,96980.0,749,374,375,375,0,18,35167.0,1941,970,971,971,0,22,92327.0,1345,672,673,673,0,19,61649.0,959,479,480,480,0,19,45341.0,785,392,393,393,0,18,36802.0,383,191,192,192,0,17,16779.0
94200,403,201,202,202,0,18,19383.0,595,297,298,298,0,16,29658.0,377,188,189,189,0,14,17060.0,829,414,415,415,0,21,40063.0,139,69,70,70,0,13,6521.0,209,104,105,105,0,16,11304.0,315,157,158,158,0,18,15508.0,1079,539,540,540,0,18,52526.0,1007,503,504,504,0,18,47570.0,633,316,317,317,0,19,31395.0,1669,834,835,835,0,20,75675.0,83,41,42,42,0,11,4463.0,85,42,43,43,0,10,4933.0,221,110,111,111,0,15,11140.0,761,380,381,381,0,18,35802.0,1957,978,979,979,0,22,92879.0,1353,676,677,677,0,19,62226.0,979,489,490,490,0,19,45942.0,795,397,398,398,0,18,37427.0,389,194,195,195,0,17,17383.0
94300,411,205,206,206,0,18,19987.0,609,304,305,305,0,16,30269.0,383,191,192,192,0,14,17650.0,843,421,422,422,0,21,40690.0,143,71,72,72,0,13,7154.0,221,110,111,111,0,16,11946.0,329,164,165,165,0,18,16135.0,1091,545,546,546,0,18,53134.0,1015,507,508,508,0,18,48147.0,641,320,321,321,0,19,32038.0,1679,839,840,840,0,20,76250.0,95,47,48,48,0,12,5076.0,93,46,47,47,0,10,5516.0,239,119,120,120,0,16,11738.0,769,384,385,385,0,18,36390.0,1967,983,984,984,0,22,93434.0,1371,685,686,686,0,19,62816.0,985,492,493,493,0,19,46529.0,805,402,403,403,0,18,38048.0,403,201,202,202,0,17,17955.0
94400,423,211,212,212,0,18,20570.0,619,309,310,310,0,16,30861.0,399,199,200,200,0,14,18234.0,851,425,426,426,0,21,41297.0,151,75,76,76,0,13,7729.0,235,117,118,118,0,16,12563.0,347,173,174,174,0,18,16751.0,1101,550,551,551,0,18,53758.0,1023,511,512,512,0,18,48737.0,659,329,330,330,0,19,32636.0,1691,845,846,846,0,20,76840.0,117,58,59,59,0,13,5685.0,111,55,56,56,0,11,6122.0,247,123,124,124,0,16,12347.0,783,391,392,392,0,18,37028.0,1989,994,995,995,0,22,94049.0,1383,691,692,692,0,19,63372.0,1001,500,501,501,0,19,47170.0,821,410,411,411,0,18,38643.0,415,207,208,208,0,17,18548.0
94500,443,221,222,222,0,18,21181.0,631,315,316,316,0,16,31430.0,415,207,208,208,0,14,18860.0,873,436,437,437,0,21,41919.0,165,82,83,83,0,13,8330.0,243,121,122,122,0,16,13181.0,353,176,177,177,0,18,17321.0,1113,556,557,557,0,18,54373.0,1037,518,519,519,0,18,49340.0,677,338,339,339,0,19,33201.0,1701,850,851,851,0,20,77471.0,127,63,64,64,0,14,6269.0,117,58,59,59,0,11,6726.0,255,127,128,128,0,16,12941.0,803,401,402,402,0,18,37626.0,2001,1000,1001,1001,0,22,94647.0,1397,698,699,699,0,19,63955.0,1011,505,506,506,0,19,47771.0,827,413,414,414,0,18,39219.0,423,211,212,212,0,17,19154.0
94600,461,230,231,231,0,18,21801.0,641,320,321,321,0,16,32017.0,427,213,214,214,0,14,19429.0,887,443,444,444,0,21,42556.0,173,86,87,87,0,13,8909.0,255,127,128,128,0,16,13756.0,371,185,186,186,0,18,17925.0,1123,561,562,562,0,18,54967.0,1061,530,531,531,0,18,49951.0,683,341,342,342,0,19,33822.0,1709,854,855,855,0,20,78126.0,143,71,72,72,0,14,6872.0,123,61,62,62,0,11,7341.0,261,130,131,131,0,16,13530.0,809,404,405,405,0,18,38216.0,2021,1010,1011,1011,0,22,95262.0,1405,702,703,703,0,19,64502.0,1025,512,513,513,0,19,48419.0,831,415,416,416,0,18,39816.0,431,215,216,216,0,17,19751.0
94700,475,237,238,238,0,19,22404.0,653,326,327,327,0,16,32612.0,445,222,223,223,0,14,20017.0,901,450,451,451,0,21,43176.0,183,91,92,92,0,13,9528.0,269,134,135,135,0,17,14375.0,385,192,193,193,0,19,18564.0,1139,569,570,570,0,18,55583.0,1075,537,538,538,0,18,50590.0,693,346,347,347,0,19,34425.0,1721,860,861,861,0,20,78738.0,153,76,77,77,0,14,7426.0,137,68,69,69,0,11,7924.0,271,135,136,136,0,16,14114.0,827,413,414,414,0,18,38832.0,2031,1015,1016,1016,0,22,95853.0,1417,708,709,709,0,19,65095.0,1033,516,517,517,0,20,48979.0,853,426,427,427,0,19,40411.0,451,225,226,226,0,18,20337.0
94800,493,246,247,247,0,19,22993.0,671,335,336,336,0,16,33183.0,107,53,54,54,0,11,4831.0,913,456,457,457,0,21,43778.0,197,98,99,99,0,14,10116.0,279,139,140,140,0,17,14964.0,397,198,199,199,0,19,19178.0,1157,578,579,579,0,18,56205.0,1083,541,542,542,0,18,51209.0,709,354,355,355,0,19,35048.0,1735,867,868,868,0,20,79390.0,165,82,83,83,0,15,8044.0,153,76,77,77,0,12,8495.0,281,140,141,141,0,16,14711.0,843,421,422,422,0,18,39422.0,2045,1022,1023,1023,0,22,96473.0,1429,714,715,715,0,19,65683.0,1041,520,521,521,0,20,49602.0,859,429,430,430,0,19,41011.0,469,234,235,235,0,18,20950.0
94900,503,251,252,252,0,19,23595.0,693,346,347,347,0,16,33785.0,113,56,57,57,0,12,5447.0,925,462,463,463,0,21,44387.0,209,104,105,105,0,14,10767.0,287,143,144,144,0,17,15583.0,403,201,202,202,0,19,19741.0,1179,589,590,590,0,18,56813.0,1091,545,546,546,0,18,51857.0,723,361,362,362,0,19,35618.0,1743,871,872,872,0,20,79969.0,179,89,90,90,0,15,8653.0,159,79,80,80,0,12,9103.0,297,148,149,149,0,17,15295.0,853,426,427,427,0,18,39979.0,2053,1026,1027,1027,0,22,97099.0,1445,722,723,723,0,19,66242.0,1055,527,528,528,0,20,50192.0,867,433,434,434,0,19,41625.0,483,241,242,242,0,18,21547.0
95000,513,256,257,257,0,19,24186.0,701,350,351,351,0,16,34357.0,133,66,67,67,0,12,6010.0,935,467,468,468,0,21,44965.0,221,110,111,111,0,14,11403.0,295,147,148,148,0,17,16197.0,421,210,211,211,0,19,20386.0,1187,593,594,594,0,18,57405.0,1103,551,552,552,0,18,52495.0,733,366,367,367,0,19,36236.0,1751,875,876,876,0,20,80549.0,201,100,101,101,0,15,9242.0,169,84,85,85,0,12,9742.0,305,152,153,153,0,17,15874.0,865,432,433,433,0,18,40554.0,2069,1034,1035,1035,0,22,97707.0,1463,731,732,732,0,19,66846.0,1069,534,535,535,0,20,50784.0,887,443,444,444,0,19,42257.0,489,244,245,245,0,18,22155.0
95100,523,261,262,262,0,19,24779.0,709,354,355,355,0,17,34970.0,151,75,76,76,0,12,6597.0,953,476,477,477,0,21,45589.0,233,116,117,117,0,14,11980.0,305,152,153,153,0,17,16822.0,433,216,217,217,0,19,20999.0,1203,601,602,602,0,18,57998.0,1119,559,560,560,0,18,53136.0,751,375,376,376,0,19,36849.0,1761,880,881,881,0,20,81100.0,215,107,108,108,0,15,9839.0,5,2,3,3,0,3,192.0,313,156,157,157,0,17,16467.0,877,438,439,439,0,18,41189.0,2083,1041,1042,1042,0,22,98306.0,1469,734,735,735,0,19,67436.0,1081,540,541,541,0,20,51375.0,905,452,453,453,0,19,42938.0,501,250,251,251,0,18,22755.0
95200,537,268,269,269,0,19,25391.0,727,363,364,364,0,17,35529.0,161,80,81,81,0,12,7206.0,967,483,484,484,0,21,46172.0,87,43,44,44,0,11,3910.0,321,160,161,161,0,18,17467.0,449,224,225,225,0,20,21582.0,1213,606,607,607,0,18,58600.0,1135,567,568,568,0,18,53754.0,765,382,383,383,0,19,37477.0,1765,882,883,883,0,20,81717.0,227,113,114,114,0,15,10433.0,21,10,11,11,0,5,818.0,329,164,165,165,0,17,17088.0,891,445,446,446,0,19,41784.0,2091,1045,1046,1046,0,22,98896.0,1475,737,738,738,0,19,67997.0,1097,548,549,549,0,20,51975.0,925,462,463,463,0,19,43545.0,519,259,260,260,0,18,23362.0
95300,543,271,272,272,0,19,25916.0,737,368,369,369,0,17,36158.0,175,87,88,88,0,12,7819.0,987,493,494,494,0,22,46798.0,95,47,48,48,0,11,4557.0,327,163,164,164,0,18,18079.0,457,228,229,229,0,20,22172.0,1227,613,614,614,0,18,59183.0,1151,575,576,576,0,18,54374.0,775,387,388,388,0,19,38068.0,1787,893,894,894,0,20,82336.0,241,120,121,121,0,15,11061.0,33,16,17,17,0,7,1452.0,339,169,170,170,0,17,17700.0,907,453,454,454,0,19,42389.0,2101,1050,1051,1051,0,22,99519.0,1485,742,743,743,0,19,68615.0,1105,552,553,553,0,20,52595.0,935,467,468,468,0,19,44135.0,537,268,269,269,0,18,23953.0
95400,559,279,280,280,0,19,26522.0,751,375,376,376,0,17,36738.0,193,96,97,97,0,12,8391.0,1001,500,501,501,0,22,47398.0,107,53,54,54,0,12,5109.0,341,170,171,171,0,18,18713.0,467,233,234,234,0,20,22779.0,1241,620,621,621,0,18,59714.0,1159,579,580,580,0,18,55000.0,789,394,395,395,0,19,38673.0,1797,898,899,899,0,20,82937.0,249,124,125,125,0,15,11649.0,47,23,24,24,0,7,2093.0,355,177,178,178,0,17,18342.0,915,457,458,458,0,19,42997.0,2113,1056,1057,1057,0,22,100102.0,1499,749,750,750,0,19,69210.0,1121,560,561,561,0,20,53231.0,945,472,473,473,0,19,44717.0,547,273,274,274,0,18,24592.0
95500,567,283,284,284,0,19,27076.0,761,380,381,381,0,17,37323.0,199,99,100,100,0,12,9017.0,1007,503,504,504,0,22,48012.0,117,58,59,59,0,12,5727.0,357,178,179,179,0,18,19327.0,483,241,242,242,0,20,23386.0,1251,625,626,626,0,18,60295.0,1167,583,584,584,0,18,55570.0,799,399,400,400,0,19,39306.0,1807,903,904,904,0,20,83518.0,269,134,135,135,0,15,12254.0,67,33,34,34,0,8,2695.0,373,186,187,187,0,17,18953.0,933,466,467,467,0,19,43572.0,2127,1063,1064,1064,0,22,100710.0,1513,756,757,757,0,19,69791.0,1141,570,571,571,0,20,53803.0,961,480,481,481,0,19,45346.0,555,277,278,278,0,18,25190.0
95600,585,292,293,293,0,19,27678.0,783,391,392,392,0,17,37952.0,209,104,105,105,0,13,9590.0,1017,508,509,509,0,22,48625.0,125,62,63,63,0,12,6307.0,371,185,186,186,0,18,19947.0,497,248,249,249,0,20,23938.0,1271,635,636,636,0,18,60883.0,1185,592,593,593,0,18,56178.0,807,403,404,404,0,19,39908.0,1817,908,909,909,0,20,84083.0,287,143,144,144,0,16,12863.0,71,35,36,36,0,8,3257.0,389,194,195,195,0,17,19535.0,939,469,470,470,0,19,44149.0,2139,1069,1070,1070,0,22,101272.0,1527,763,764,764,0,20,70399.0,1149,574,575,575,0,20,54373.0,971,485,486,486,0,19,45968.0,575,287,288,288,0,18,25839.0
95700,591,295,296,296,0,19,28271.0,795,397,398,398,0,17,38578.0,223,111,112,112,0,13,10181.0,1037,518,519,519,0,22,49215.0,141,70,71,71,0,12,6889.0,393,196,197,197,0,18,20533.0,505,252,253,253,0,20,24521.0,1289,644,645,645,0,18,61494.0,1201,600,601,601,0,18,56779.0,819,409,410,410,0,19,40473.0,1827,913,914,914,0,20,84684.0,299,149,150,150,0,16,13465.0,91,45,46,46,0,9,3876.0,395,197,198,198,0,17,20156.0,949,474,475,475,0,19,44750.0,2145,1072,1073,1073,0,22,101878.0,1545,772,773,773,0,20,71054.0,1163,581,582,582,0,20,55009.0,979,489,490,490,0,19,46577.0,589,294,295,295,0,18,26481.0
95800,597,298,299,299,0,20,28841.0,807,403,404,404,0,17,39200.0,231,115,116,116,0,13,10776.0,1041,520,521,521,0,22,49792.0,149,74,75,75,0,12,7524.0,399,199,200,200,0,18,21116.0,517,258,259,259,0,20,25120.0,1299,649,650,650,0,18,62055.0,1225,612,613,613,0,18,57368.0,837,418,419,419,0,19,41049.0,1835,917,918,918,0,20,85266.0,311,155,156,156,0,16,14027.0,103,51,52,52,0,9,4475.0,405,202,203,203,0,18,20758.0,955,477,478,478,0,19,45369.0,2157,1078,1079,1079,0,22,102446.0,1551,775,776,776,0,20,71678.0,1181,590,591,591,0,20,55580.0,989,494,495,495,0,19,47159.0,605,302,303,303,0,19,27103.0
95900,609,304,305,305,0,20,29414.0,815,407,408,408,0,17,39817.0,243,121,122,122,0,13,11413.0,1051,525,526,526,0,22,50330.0,163,81,82,82,0,13,8115.0,417,208,209,209,0,18,21729.0,527,263,264,264,0,21,25765.0,1313,656,657,657,0,18,62667.0,1241,620,621,621,0,18,57965.0,845,422,423,423,0,19,41673.0,1847,923,924,924,0,20,85898.0,325,162,163,163,0,16,14636.0,117,58,59,59,0,10,5061.0,413,206,207,207,0,18,21396.0,969,484,485,485,0,19,45938.0,2175,1087,1088,1088,0,22,103042.0,1563,781,782,782,0,20,72267.0,1189,594,595,595,0,20,56186.0,1007,503,504,504,0,19,47719.0,615,307,308,308,0,19,27749.0
96000,623,311,312,312,0,20,30008.0,823,411,412,412,0,17,40418.0,257,128,129,129,0,14,11965.0,519,259,260,260,0,16,25792.0,185,92,93,93,0,13,8737.0,433,216,217,217,0,18,22325.0,535,267,268,268,0,21,26351.0,1321,660,661,661,0,18,63228.0,1251,625,626,626,0,19,58613.0,865,432,433,433,0,19,42290.0,499,249,250,250,0,17,22054.0,39,19,20,20,0,7,1698.0,129,64,65,65,0,10,5655.0,429,214,215,215,0,18,22055.0,979,489,490,490,0,19,46563.0,2187,1093,1094,1094,0,22,103651.0,1577,788,789,789,0,20,72865.0,1211,605,606,606,0,20,56807.0,1023,511,512,512,0,19,48335.0,629,314,315,315,0,19,28372.0
96100,631,315,316,316,0,20,30584.0,841,420,421,421,0,18,41057.0,267,133,134,134,0,14,12551.0,529,264,265,265,0,16,26380.0,197,98,99,99,0,13,9318.0,455,227,228,228,0,18,22917.0,547,273,274,274,0,21,26966.0,1329,664,665,665,0,18,63815.0,1267,633,634,634,0,19,59237.0,869,434,435,435,0,19,42861.0,507,253,254,254,0,17,22621.0,51,25,26,26,0,8,2298.0,143,71,72,72,0,10,6225.0,445,222,223,223,0,18,22700.0,993,496,497,497,0,19,47183.0,2193,1096,1097,1097,0,22,104247.0,1585,792,793,793,0,20,73432.0,1225,612,613,613,0,20,57373.0,1037,518,519,519,0,19,48945.0,645,322,323,323,0,19,28964.0
96200,641,320,321,321,0,20,31220.0,855,427,428,428,0,18,41608.0,275,137,138,138,0,14,13184.0,535,267,268,268,0,16,26978.0,203,101,102,102,0,13,9899.0,465,232,233,233,0,18,23518.0,569,284,285,285,0,21,27566.0,1333,666,667,667,0,18,64388.0,1275,637,638,638,0,19,59827.0,887,443,444,444,0,20,43447.0,523,261,262,262,0,17,23242.0,59,29,30,30,0,8,2887.0,159,79,80,80,0,11,6834.0,459,229,230,230,0,18,23282.0,1007,503,504,504,0,19,47784.0,2207,1103,1104,1104,0,22,104856.0,1597,798,799,799,0,20,74081.0,1235,617,618,618,0,20,57940.0,1047,523,524,524,0,19,49560.0,655,327,328,328,0,19,29574.0
96300,657,328,329,329,0,20,31794.0,883,441,442,442,0,18,42204.0,285,142,143,143,0,14,13763.0,545,272,273,273,0,17,27564.0,221,110,111,111,0,13,10514.0,481,240,241,241,0,18,24139.0,589,294,295,295,0,21,28177.0,1345,672,673,673,0,18,65009.0,1289,644,645,645,0,19,60414.0,899,449,450,450,0,20,44024.0,535,267,268,268,0,17,23852.0,79,39,40,40,0,10,3420.0,171,85,86,86,0,11,7421.0,471,235,236,236,0,18,23908.0,1031,515,516,516,0,19,48414.0,2217,1108,1109,1109,0,22,105468.0,1605,802,803,803,0,20,74705.0,1251,625,626,626,0,20,58552.0,1065,532,533,533,0,19,50149.0,665,332,333,333,0,19,30134.0
96400,663,331,332,332,0,20,32407.0,903,451,452,452,0,18,42851.0,297,148,149,149,0,14,14366.0,555,277,278,278,0,17,28192.0,233,116,117,117,0,13,11105.0,491,245,246,246,0,19,24733.0,605,302,303,303,0,21,28744.0,1363,681,682,682,0,18,65629.0,1303,651,652,652,0,19,61004.0,911,455,456,456,0,20,44651.0,543,271,272,272,0,17,24464.0,87,43,44,44,0,10,3992.0,183,91,92,92,0,11,8004.0,491,245,246,246,0,19,24516.0,1043,521,522,522,0,19,49021.0,2227,1113,1114,1114,0,22,106064.0,1623,811,812,812,0,20,75296.0,85,42,43,43,0,13,4209.0,1081,540,541,541,0,19,50721.0,681,340,341,341,0,19,30741.0
96500,675,337,338,338,0,20,32999.0,909,454,455,455,0,18,43431.0,313,156,157,157,0,14,14934.0,569,284,285,285,0,17,28776.0,243,121,122,122,0,13,11717.0,505,252,253,253,0,19,25273.0,611,305,306,306,0,21,29362.0,1375,687,688,688,0,18,66254.0,1307,653,654,654,0,19,61582.0,921,460,461,461,0,20,45226.0,553,276,277,277,0,17,25069.0,101,50,51,51,0,11,4595.0,195,97,98,98,0,11,8623.0,499,249,250,250,0,19,25093.0,1055,527,528,528,0,19,49598.0,2237,1118,1119,1119,0,22,106650.0,1639,819,820,820,0,20,75929.0,105,52,53,53,0,14,4801.0,1087,543,544,544,0,19,51316.0,689,344,345,345,0,19,31313.0
96600,699,349,350,350,0,20,33603.0,915,457,458,458,0,18,44029.0,329,164,165,165,0,15,15529.0,577,288,289,289,0,17,29389.0,255,127,128,128,0,13,12291.0,521,260,261,261,0,19,25921.0,39,19,20,20,0,9,1862.0,1383,691,692,692,0,18,66856.0,1323,661,662,662,0,19,62143.0,927,463,464,464,0,20,45822.0,569,284,285,285,0,17,25667.0,109,54,55,55,0,11,5180.0,207,103,104,104,0,12,9215.0,507,253,254,254,0,19,25672.0,1069,534,535,535,0,19,50177.0,2259,1129,1130,1130,0,22,107234.0,1661,830,831,831,0,20,76541.0,117,58,59,59,0,14,5425.0,1095,547,548,548,0,19,51852.0,693,346,347,347,0,20,31929.0
96700,709,354,355,355,0,20,34194.0,931,465,466,466,0,18,44623.0,341,170,171,171,0,15,16136.0,595,297,298,298,0,17,29962.0,263,131,132,132,0,13,12879.0,535,267,268,268,0,19,26478.0,51,25,26,26,0,10,2487.0,1405,702,703,703,0,18,67486.0,1331,665,666,666,0,19,62755.0,937,468,469,469,0,20,46402.0,581,290,291,291,0,17,26292.0,129,64,65,65,0,11,5803.0,217,108,109,109,0,12,9778.0,515,257,258,258,0,19,26304.0,1085,542,543,543,0,19,50738.0,2261,1130,1131,1131,0,22,107802.0,1675,837,838,838,0,20,77167.0,127,63,64,64,0,14,6009.0,1111,555,556,556,0,19,52455.0,711,355,356,356,0,20,32561.0
96800,727,363,364,364,0,20,34824.0,949,474,475,475,0,18,45262.0,357,178,179,179,0,15,16752.0,611,305,306,306,0,17,30558.0,281,140,141,141,0,14,13470.0,541,270,271,271,0,19,27045.0,61,30,31,31,0,11,3086.0,1419,709,710,710,0,18,68081.0,1347,673,674,674,0,19,63347.0,957,478,479,479,0,20,47048.0,599,299,300,300,0,17,26863.0,137,68,69,69,0,12,6438.0,231,115,116,116,0,13,10384.0,531,265,266,266,0,19,26934.0,1099,549,550,550,0,19,51339.0,2287,1143,1144,1144,0,22,108422.0,1681,840,841,841,0,20,77790.0,143,71,72,72,0,14,6603.0,1119,559,560,560,0,19,53082.0,27,13,14,14,0,7,1208.0
96900,739,369,370,370,0,20,35451.0,969,484,485,485,0,18,45860.0,369,184,185,185,0,15,17363.0,621,310,311,311,0,17,31194.0,289,144,145,145,0,14,14064.0,555,277,278,278,0,19,27670.0,73,36,37,37,0,12,3663.0,1425,712,713,713,0,18,68715.0,1355,677,678,678,0,19,63943.0,973,486,487,487,0,20,47626.0,613,306,307,307,0,17,27497.0,151,75,76,76,0,12,7063.0,81,40,41,41,0,12,3994.0,551,275,276,276,0,19,27500.0,1113,556,557,557,0,20,51956.0,2295,1147,1148,1148,0,22,108999.0,1691,845,846,846,0,20,78360.0,147,73,74,74,0,14,7239.0,1133,566,567,567,0,19,53719.0,39,19,20,20,0,8,1809.0
97000,747,373,374,374,0,20,36069.0,979,489,490,490,0,18,46489.0,377,188,189,189,0,15,17958.0,637,318,319,319,0,17,31786.0,297,148,149,149,0,14,14606.0,569,284,285,285,0,19,28285.0,81,40,41,41,0,12,4211.0,1439,719,720,720,0,18,69289.0,1365,682,683,683,0,19,64492.0,989,494,495,495,0,20,48231.0,621,310,311,311,0,17,28135.0,161,80,81,81,0,12,7636.0,101,50,51,51,0,13,4607.0,561,280,281,281,0,19,28119.0,1137,568,569,569,0,20,52535.0,2309,1154,1155,1155,0,22,109590.0,1707,853,854,854,0,20,79002.0,157,78,79,79,0,15,7863.0,1141,570,571,571,0,19,54372.0,53,26,27,27,0,8,2425.0
97100,763,381,382,382,0,20,36692.0,993,496,497,497,0,18,47117.0,403,201,202,202,0,15,18515.0,653,326,327,327,0,17,32394.0,319,159,160,160,0,14,15223.0,583,291,292,292,0,19,28902.0,93,46,47,47,0,13,4806.0,1459,729,730,730,0,18,69883.0,1375,687,688,688,0,19,65116.0,997,498,499,499,0,20,48809.0,631,315,316,316,0,17,28722.0,171,85,86,86,0,12,8238.0,105,52,53,53,0,13,5215.0,575,287,288,288,0,20,28750.0,1151,575,576,576,0,20,53143.0,2329,1164,1165,1165,0,22,110211.0,1719,859,860,860,0,20,79612.0,173,86,87,87,0,15,8467.0,1155,577,578,578,0,19,54942.0,69,34,35,35,0,9,3030.0
97200,777,388,389,389,0,20,37317.0,999,499,500,500,0,18,47716.0,415,207,208,208,0,15,19111.0,663,331,332,332,0,17,33052.0,331,165,166,166,0,14,15863.0,593,296,297,297,0,19,29529.0,109,54,55,55,0,13,5405.0,1469,734,735,735,0,18,70500.0,1391,695,696,696,0,19,65732.0,1007,503,504,504,0,20,49447.0,649,324,325,325,0,17,29297.0,183,91,92,92,0,13,8856.0,117,58,59,59,0,14,5828.0,591,295,296,296,0,20,29360.0,1157,578,579,579,0,20,53732.0,2347,1173,1174,1174,0,22,110874.0,1729,864,865,865,0,20,80202.0,193,96,97,97,0,15,9084.0,1171,585,586,586,0,19,55555.0,79,39,40,40,0,9,3592.0
97300,785,392,393,393,0,20,37912.0,1013,506,507,507,0,18,48291.0,425,212,213,213,0,15,19716.0,683,341,342,342,0,17,33653.0,353,176,177,177,0,14,16461.0,601,300,301,301,0,19,30113.0,119,59,60,60,0,14,6001.0,1477,738,739,739,0,18,71087.0,1395,697,698,698,0,19,66315.0,1021,510,511,511,0,20,50023.0,669,334,335,335,0,17,29876.0,195,97,98,98,0,13,9421.0,129,64,65,65,0,14,6468.0,599,299,300,300,0,20,29925.0,1175,587,588,588,0,20,54330.0,2365,1182,1183,1183,0,22,111489.0,1733,866,867,867,0,20,80799.0,203,101,102,102,0,15,9691.0,1179,589,590,590,0,19,56152.0,89,44,45,45,0,9,4208.0
97400,791,395,396,396,0,20,38533.0,1035,517,518,518,0,19,48868.0,433,216,217,217,0,15,20340.0,693,346,347,347,0,17,34257.0,361,180,181,181,0,14,17091.0,617,308,309,309,0,19,30709.0,127,63,64,64,0,14,6601.0,1487,743,744,744,0,18,71664.0,1411,705,706,706,0,19,66958.0,1029,514,515,515,0,20,50633.0,681,340,341,341,0,18,30501.0,211,105,106,106,0,14,10019.0,147,73,74,74,0,14,7080.0,607,303,304,304,0,20,30557.0,1191,595,596,596,0,20,54944.0,2377,1188,1189,1189,0,23,112072.0,1747,873,874,874,0,20,81409.0,211,105,106,106,0,15,10279.0,1191,595,596,596,0,19,56765.0,103,51,52,52,0,10,4813.0
97500,805,402,403,403,0,20,39161.0,1041,520,521,521,0,19,49475.0,443,221,222,222,0,15,20881.0,701,350,351,351,0,17,34898.0,369,184,185,185,0,15,17648.0,631,315,316,316,0,19,31264.0,139,69,70,70,0,14,7184.0,1491,745,746,746,0,18,72290.0,1417,708,709,709,0,19,67531.0,1051,525,526,526,0,20,51246.0,695,347,348,348,0,18,31124.0,221,110,111,111,0,14,10650.0,173,86,87,87,0,15,7688.0,615,307,308,308,0,20,31116.0,1207,603,604,604,0,20,55545.0,2395,1197,1198,1198,0,23,112671.0,1759,879,880,880,0,20,82029.0,225,112,113,113,0,16,10909.0,1201,600,601,601,0,20,57389.0,119,59,60,60,0,11,5445.0
97600,813,406,407,407,0,20,39732.0,1065,532,533,533,0,19,50067.0,455,227,228,228,0,15,21496.0,715,357,358,358,0,17,35461.0,383,191,192,192,0,15,18242.0,649,324,325,325,0,19,31829.0,155,77,78,78,0,15,7820.0,1491,745,746,746,0,18,72877.0,1429,714,715,715,0,19,68120.0,1063,531,532,532,0,20,51877.0,705,352,353,353,0,18,31738.0,229,114,115,115,0,14,11231.0,185,92,93,93,0,15,8337.0,627,313,314,314,0,20,31707.0,1223,611,612,612,0,20,56167.0,2407,1203,1204,1204,0,23,113249.0,1767,883,884,884,0,20,82603.0,243,121,122,122,0,16,11479.0,1213,606,607,607,0,20,57958.0,129,64,65,65,0,11,6039.0
97700,833,416,417,417,0,20,40323.0,1073,536,537,537,0,19,50636.0,467,233,234,234,0,15,22089.0,731,365,366,366,0,17,36056.0,399,199,200,200,0,15,18860.0,665,332,333,333,0,19,32441.0,167,83,84,84,0,15,8424.0,1511,755,756,756,0,18,73467.0,1437,718,719,719,0,19,68704.0,1073,536,537,537,0,20,52514.0,715,357,358,358,0,18,32308.0,249,124,125,125,0,14,11815.0,193,96,97,97,0,15,8917.0,641,320,321,321,0,20,32334.0,1231,615,616,616,0,20,56771.0,2425,1212,1213,1213,0,23,113826.0,1781,890,891,891,0,20,83215.0,253,126,127,127,0,16,12095.0,1221,610,611,611,0,20,58557.0,141,70,71,71,0,11,6635.0
97800,839,419,420,420,0,20,40932.0,1089,544,545,545,0,19,51221.0,485,242,243,243,0,16,22700.0,741,370,371,371,0,17,36656.0,413,206,207,207,0,15,19461.0,687,343,344,344,0,19,33019.0,185,92,93,93,0,15,9055.0,1535,767,768,768,0,18,74094.0,1443,721,722,722,0,19,69336.0,1093,546,547,547,0,20,53114.0,731,365,366,366,0,18,32896.0,265,132,133,133,0,14,12397.0,205,102,103,103,0,15,9508.0,661,330,331,331,0,20,32947.0,1245,622,623,623,0,20,57396.0,2447,1223,1224,1224,0,23,114384.0,1793,896,897,897,0,20,83812.0,269,134,135,135,0,16,12712.0,1243,621,622,622,0,20,59148.0,149,74,75,75,0,12,7234.0
97900,857,428,429,429,0,20,41537.0,1103,551,552,552,0,19,51791.0,499,249,250,250,0,16,23335.0,753,376,377,377,0,17,37253.0,421,210,211,211,0,15,20037.0,707,353,354,354,0,19,33666.0,195,97,98,98,0,16,9610.0,1559,779,780,780,0,19,74690.0,189,94,95,95,0,13,7919.0,1109,554,555,555,0,20,53750.0,747,373,374,374,0,18,33469.0,273,136,137,137,0,14,13000.0,215,107,108,108,0,16,10145.0,669,334,335,335,0,20,33508.0,1257,628,629,629,0,20,58004.0,2455,1227,1228,1228,0,23,114942.0,1809,904,905,905,0,20,84402.0,289,144,145,145,0,17,13307.0,1255,627,628,628,0,20,59790.0,163,81,82,82,0,12,7809.0
98000,873,436,437,437,0,20,42153.0,1115,557,558,558,0,19,52397.0,515,257,258,258,0,16,23989.0,761,380,381,381,0,17,37801.0,435,217,218,218,0,15,20597.0,717,358,359,359,0,19,34273.0,207,103,104,104,0,16,10224.0,1571,785,786,786,0,19,75263.0,197,98,99,99,0,13,8485.0,1131,565,566,566,0,20,54364.0,759,379,380,380,0,18,34108.0,281,140,141,141,0,15,13625.0,221,110,111,111,0,16,10743.0,677,338,339,339,0,21,34110.0,1263,631,632,632,0,20,58605.0,2469,1234,1235,1235,0,23,115560.0,1825,912,913,913,0,20,84997.0,305,152,153,153,0,17,13977.0,1265,632,633,633,0,20,60410.0,177,88,89,89,0,12,8441.0
98100,883,441,442,442,0,21,42790.0,1121,560,561,561,0,19,53023.0,537,268,269,269,0,16,24573.0,771,385,386,386,0,17,38390.0,443,221,222,222,0,16,21173.0,725,362,363,363,0,19,34897.0,213,106,107,107,0,17,10852.0,1583,791,792,792,0,19,75844.0,209,104,105,105,0,13,9088.0,1143,571,572,572,0,20,54944.0,765,382,383,383,0,18,34697.0,297,148,149,149,0,15,14217.0,235,117,118,118,0,16,11376.0,689,344,345,345,0,21,34688.0,1275,637,638,638,0,20,59219.0,2487,1243,1244,1244,0,23,116161.0,1835,917,918,918,0,20,85594.0,313,156,157,157,0,17,14557.0,1273,636,637,637,0,20,61010.0,191,95,96,96,0,12,9043.0
98200,895,447,448,448,0,21,43400.0,1133,566,567,567,0,19,53590.0,549,274,275,275,0,16,25157.0,779,389,390,390,0,17,39009.0,451,225,226,226,0,16,21834.0,739,369,370,370,0,19,35485.0,231,115,116,116,0,17,11450.0,1597,798,799,799,0,19,76439.0,221,110,111,111,0,14,9701.0,1161,580,581,581,0,20,55569.0,771,385,386,386,0,18,35313.0,311,155,156,156,0,15,14838.0,245,122,123,123,0,16,11943.0,699,349,350,350,0,21,35282.0,1285,642,643,643,0,20,59837.0,2497,1248,1249,1249,0,23,116768.0,1853,926,927,927,0,20,86184.0,327,163,164,164,0,17,15160.0,1295,647,648,648,0,20,61612.0,203,101,102,102,0,12,9607.0
98300,907,453,454,454,0,21,44007.0,1147,573,574,574,0,19,54193.0,565,282,283,283,0,16,25777.0,789,394,395,395,0,17,39643.0,461,230,231,231,0,16,22440.0,745,372,373,373,0,19,36082.0,251,125,126,126,0,17,12047.0,1609,804,805,805,0,19,76989.0,233,116,117,117,0,14,10283.0,1167,583,584,584,0,20,56133.0,787,393,394,394,0,18,35917.0,331,165,166,166,0,15,15452.0,261,130,131,131,0,16,12530.0,725,362,363,363,0,21,35874.0,1297,648,649,649,0,20,60444.0,2505,1252,1253,1253,0,23,117400.0,1869,934,935,935,0,20,86780.0,343,171,172,172,0,17,15767.0,1301,650,651,651,0,20,62194.0,215,107,108,108,0,13,10198.0
98400,9,4,5,5,0,5,413.0,1161,580,581,581,0,19,54811.0,571,285,286,286,0,16,26370.0,803,401,402,402,0,17,40252.0,469,234,235,235,0,16,23068.0,751,375,376,376,0,19,36698.0,261,130,131,131,0,17,12637.0,1619,809,810,810,0,19,77602.0,247,123,124,124,0,14,10928.0,1175,587,588,588,0,20,56718.0,795,397,398,398,0,18,36531.0,337,168,169,169,0,15,16074.0,281,140,141,141,0,16,13106.0,735,367,368,368,0,21,36467.0,1309,654,655,655,0,20,61038.0,2523,1261,1262,1262,0,23,117998.0,1889,944,945,945,0,20,87407.0,349,174,175,175,0,17,16349.0,1309,654,655,655,0,20,62830.0,225,112,113,113,0,13,10771.0
98500,21,10,11,11,0,8,999.0,1175,587,588,588,0,19,55417.0,585,292,293,293,0,16,26951.0,821,410,411,411,0,17,40862.0,473,236,237,237,0,16,23691.0,757,378,379,379,0,19,37301.0,271,135,136,136,0,17,13175.0,1633,816,817,817,0,19,78160.0,261,130,131,131,0,15,11532.0,1191,595,596,596,0,20,57332.0,813,406,407,407,0,18,37115.0,343,171,172,172,0,15,16679.0,299,149,150,150,0,17,13747.0,741,370,371,371,0,21,37098.0,1325,662,663,663,0,20,61671.0,361,180,181,181,0,15,16331.0,1897,948,949,949,0,20,88003.0,365,182,183,183,0,17,16948.0,1327,663,664,664,0,20,63404.0,241,120,121,121,0,13,11360.0
98600,39,19,20,20,0,11,1563.0,1191,595,596,596,0,20,56024.0,599,299,300,300,0,16,27550.0,829,414,415,415,0,17,41420.0,487,243,244,244,0,16,24267.0,767,383,384,384,0,20,37893.0,281,140,141,141,0,17,13746.0,1645,822,823,823,0,19,78784.0,271,135,136,136,0,15,12103.0,1203,601,602,602,0,20,57954.0,823,411,412,412,0,18,37664.0,363,181,182,182,0,15,17276.0,313,156,157,157,0,17,14358.0,753,376,377,377,0,21,37673.0,1343,671,672,672,0,20,62262.0,377,188,189,189,0,15,16945.0,1907,953,954,954,0,21,88631.0,375,187,188,188,0,17,17545.0,1341,670,671,671,0,20,64040.0,255,127,128,128,0,13,11964.0
98700,53,26,27,27,0,11,2144.0,1205,602,603,603,0,20,56658.0,607,303,304,304,0,16,28170.0,847,423,424,424,0,17,42060.0,507,253,254,254,0,16,24891.0,779,389,390,390,0,20,38500.0,289,144,145,145,0,18,14333.0,1661,830,831,831,0,19,79357.0,287,143,144,144,0,15,12719.0,1227,613,614,614,0,20,58561.0,839,419,420,420,0,18,38239.0,369,184,185,185,0,15,17859.0,323,161,162,162,0,17,14967.0,767,383,384,384,0,21,38268.0,1353,676,677,677,0,20,62843.0,393,196,197,197,0,15,17565.0,1925,962,963,963,0,21,89224.0,387,193,194,194,0,17,18179.0,1355,677,678,678,0,20,64694.0,269,134,135,135,0,13,12551.0
98800,63,31,32,32,0,11,2737.0,1219,609,610,610,0,20,57227.0,611,305,306,306,0,16,28748.0,865,432,433,433,0,17,42686.0,523,261,262,262,0,16,25461.0,795,397,398,398,0,20,39081.0,301,150,151,151,0,18,14972.0,1681,840,841,841,0,19,79923.0,305,152,153,153,0,15,13311.0,1235,617,618,618,0,20,59135.0,851,425,426,426,0,18,38867.0,385,192,193,193,0,16,18453.0,333,166,167,167,0,17,15583.0,779,389,390,390,0,21,38901.0,1369,684,685,685,0,20,63449.0,407,203,204,204,0,15,18191.0,1931,965,966,966,0,21,89835.0,393,196,197,197,0,17,18797.0,1361,680,681,681,0,20,65274.0,283,141,142,142,0,13,13144.0
98900,73,36,37,37,0,12,3340.0,1225,612,613,613,0,20,57876.0,49,24,25,25,0,9,2255.0,875,437,438,438,0,17,43297.0,531,265,266,266,0,16,26039.0,807,403,404,404,0,20,39670.0,313,156,157,157,0,18,15559.0,1693,846,847,847,0,19,80545.0,325,162,163,163,0,16,13943.0,1241,620,621,621,0,20,59729.0,865,432,433,433,0,18,39455.0,389,194,195,195,0,16,19060.0,345,172,173,173,0,17,16186.0,795,397,398,398,0,21,39497.0,1387,693,694,694,0,20,64070.0,415,207,208,208,0,15,18813.0,1951,975,976,976,0,21,90458.0,33,16,17,17,0,7,1531.0,1377,688,689,689,0,20,65860.0,293,146,147,147,0,13,13744.0
99000,83,41,42,42,0,13,3904.0,1241,620,621,621,0,20,58491.0,61,30,31,31,0,10,2824.0,881,440,441,441,0,17,43893.0,551,275,276,276,0,16,26660.0,823,411,412,412,0,20,40239.0,327,163,164,164,0,18,16137.0,1709,854,855,855,0,19,81151.0,339,169,170,170,0,16,14532.0,1259,629,630,630,0,21,60345.0,879,439,440,440,0,18,40070.0,399,199,200,200,0,16,19658.0,353,176,177,177,0,17,16811.0,807,403,404,404,0,21,40070.0,1397,698,699,699,0,20,64618.0,425,212,213,213,0,15,19411.0,1967,983,984,984,0,21,91046.0,47,23,24,24,0,8,2158.0,1395,697,698,698,0,20,66405.0,307,153,154,154,0,13,14341.0
99100,105,52,53,53,0,14,4522.0,1249,624,625,625,0,20,59108.0,73,36,37,37,0,11,3430.0,897,448,449,449,0,18,44490.0,573,286,287,287,0,17,27241.0,845,422,423,423,0,20,40838.0,341,170,171,171,0,18,16702.0,1729,864,865,865,0,19,81785.0,353,176,177,177,0,16,15133.0,1269,634,635,635,0,21,60942.0,887,443,444,444,0,19,40667.0,409,204,205,205,0,16,20259.0,367,183,184,184,0,17,17418.0,831,415,416,416,0,21,40710.0,385,192,193,193,0,15,18071.0,439,219,220,220,0,15,20027.0,1983,991,992,992,0,21,91627.0,57,28,29,29,0,8,2728.0,1415,707,708,708,0,20,66995.0,325,162,163,163,0,13,14966.0
99200,117,58,59,59,0,14,5105.0,1261,630,631,631,0,20,59700.0,89,44,45,45,0,12,4057.0,905,452,453,453,0,18,45073.0,579,289,290,290,0,17,27807.0,859,429,430,430,0,20,41425.0,347,173,174,174,0,18,17305.0,1737,868,869,869,0,19,82395.0,357,178,179,179,0,16,15731.0,1285,642,643,643,0,21,61533.0,895,447,448,448,0,19,41278.0,419,209,210,210,0,16,20866.0,373,186,187,187,0,17,18029.0,845,422,423,423,0,21,41299.0,401,200,201,201,0,16,18678.0,453,226,227,227,0,16,20638.0,1997,998,999,999,0,21,92190.0,67,33,34,34,0,8,3362.0,1421,710,711,711,0,20,67616.0,335,167,168,168,0,13,15526.0
99300,129,64,65,65,0,14,5706.0,1275,637,638,638,0,20,60294.0,99,49,50,50,0,12,4638.0,919,459,460,460,0,18,45652.0,17,8,9,9,0,7,565.0,875,437,438,438,0,20,42070.0,359,179,180,180,0,19,17912.0,1753,876,877,877,0,19,82997.0,373,186,187,187,0,16,16285.0,1295,647,648,648,0,21,62163.0,903,451,452,452,0,19,41857.0,427,213,214,214,0,16,21461.0,389,194,195,195,0,17,18648.0,861,430,431,431,0,21,41921.0,411,205,206,206,0,16,19271.0,467,233,234,234,0,16,21231.0,2011,1005,1006,1006,0,21,92764.0,79,39,40,40,0,9,3967.0,1427,713,714,714,0,20,68218.0,347,173,174,174,0,13,16156.0
99400,143,71,72,72,0,14,6311.0,1285,642,643,643,0,20,60860.0,113,56,57,57,0,12,5205.0,927,463,464,464,0,18,46242.0,29,14,15,15,0,9,1163.0,889,444,445,445,0,20,42700.0,367,183,184,184,0,19,18536.0,1767,883,884,884,0,19,83628.0,377,188,189,189,0,16,16911.0,1315,657,658,658,0,21,62741.0,915,457,458,458,0,19,42448.0,445,222,223,223,0,16,22084.0,401,200,201,201,0,17,19210.0,871,435,436,436,0,21,42511.0,431,215,216,216,0,16,19892.0,473,236,237,237,0,16,21825.0,2019,1009,1010,1010,0,21,93390.0,91,45,46,46,0,9,4573.0,1435,717,718,718,0,20,68839.0,361,180,181,181,0,13,16750.0
99500,157,78,79,79,0,15,6908.0,1297,648,649,649,0,21,61520.0,127,63,64,64,0,13,5798.0,939,469,470,470,0,18,46905.0,35,17,18,18,0,9,1745.0,901,450,451,451,0,20,43316.0,383,191,192,192,0,19,19114.0,1773,886,887,887,0,19,84235.0,397,198,199,199,0,16,17481.0,1325,662,663,663,0,21,63337.0,935,467,468,468,0,19,43054.0,453,226,227,227,0,16,22661.0,409,204,205,205,0,17,19829.0,883,441,442,442,0,21,43113.0,439,219,220,220,0,16,20493.0,493,246,247,247,0,16,22408.0,2027,1013,1014,1014,0,21,93973.0,99,49,50,50,0,10,5180.0,1447,723,724,724,0,20,69488.0,371,185,186,186,0,13,17436.0
99600,163,81,82,82,0,15,7511.0,1311,655,656,656,0,21,62115.0,135,67,68,68,0,13,6357.0,951,475,476,476,0,18,47562.0,49,24,25,25,0,11,2350.0,909,454,455,455,0,20,43903.0,389,194,195,195,0,19,19710.0,1787,893,894,894,0,19,84833.0,409,204,205,205,0,17,18079.0,1337,668,669,669,0,21,63918.0,947,473,474,474,0,19,43663.0,475,237,238,238,0,16,23273.0,423,211,212,212,0,17,20447.0,889,444,445,445,0,21,43747.0,453,226,227,227,0,16,21078.0,509,254,255,255,0,16,23013.0,2033,1016,1017,1017,0,21,94525.0,113,56,57,57,0,11,5802.0,1457,728,729,729,0,20,70107.0,377,188,189,189,0,13,18011.0
99700,183,91,92,92,0,15,8118.0,1327,663,664,664,0,21,62711.0,151,75,76,76,0,13,6913.0,963,481,482,482,0,18,48171.0,63,31,32,32,0,11,2926.0,917,458,459,459,0,20,44484.0,403,201,202,202,0,19,20338.0,1795,897,898,898,0,19,85408.0,417,208,209,209,0,17,18683.0,1347,673,674,674,0,21,64507.0,955,477,478,478,0,19,44204.0,491,245,246,246,0,17,23881.0,437,218,219,219,0,17,21046.0,899,449,450,450,0,21,44291.0,465,232,233,233,0,17,21697.0,521,260,261,261,0,16,23575.0,2047,1023,1024,1024,0,21,95149.0,129,64,65,65,0,12,6416.0,1471,735,736,736,0,21,70704.0,389,194,195,195,0,13,18620.0
99800,185,92,93,93,0,15,8682.0,1341,670,671,671,0,21,63311.0,165,82,83,83,0,14,7519.0,973,486,487,487,0,18,48772.0,75,37,38,38,0,12,3582.0,929,464,465,465,0,20,45043.0,417,208,209,209,0,19,20966.0,1809,904,905,905,0,19,86000.0,429,214,215,215,0,17,19295.0,1355,677,678,678,0,21,65101.0,965,482,483,483,0,19,44753.0,503,251,252,252,0,17,24527.0,445,222,223,223,0,17,21627.0,913,456,457,457,0,21,44868.0,479,239,240,240,0,17,22301.0,539,269,270,270,0,16,24215.0,2057,1028,1029,1029,0,21,95794.0,145,72,73,73,0,12,7023.0,1483,741,742,742,0,21,71296.0,407,203,204,204,0,14,19239.0
99900,195,97,98,98,0,15,9308.0,1365,682,683,683,0,21,63925.0,181,90,91,91,0,14,8121.0,993,496,497,497,0,18,49406.0,83,41,42,42,0,12,4153.0,935,467,468,468,0,20,45653.0,433,216,217,217,0,19,21558.0,1819,909,910,910,0,19,86596.0,451,225,226,226,0,17,19897.0,1367,683,684,684,0,21,65714.0,975,487,488,488,0,19,45358.0,509,254,255,255,0,17,25120.0,459,229,230,230,0,17,22264.0,923,461,462,462,0,21,45473.0,499,249,250,250,0,17,22877.0,551,275,276,276,0,16,24857.0,2073,1036,1037,1037,0,21,96362.0,159,79,80,80,0,12,7618.0,1495,747,748,748,0,21,71903.0,423,211,212,212,0,14,19818.0
100000,213,106,107,107,0,15,9883.0,1373,686,687,687,0,21,64527.0,195,97,98,98,0,14,8741.0,1007,503,504,504,0,18,49981.0,99,49,50,50,0,13,4749.0,949,474,475,475,0,20,46265.0,453,226,227,227,0,19,22137.0,1831,915,916,916,0,19,87225.0,465,232,233,233,0,17,20471.0,1377,688,689,689,0,21,66339.0,993,496,497,497,0,20,45955.0,517,258,259,259,0,17,25732.0,469,234,235,235,0,17,22862.0,933,466,467,467,0,21,46058.0,501,250,251,251,0,17,23473.0,565,282,283,283,0,16,25420.0,2085,1042,1043,1043,0,21,96996.0,165,82,83,83,0,12,8262.0,1507,753,754,754,0,21,72488.0,433,216,217,217,0,14,20467.0
